hst_f606w_psf_stmag.ecsv
# %ECSV 1.0
# ---
# datatype:
# - {name: x, datatype: float64}
# - {name: y, datatype: float64}
# - {name: flux, datatype: float64}
# - {name: mag, datatype: float64}
# - {name: ra, datatype: float64}
# - {name: dec, datatype: float64}
# schema: astropy-2.0
x y flux mag ra dec
[from data line 17905]
1382.2677767583564 3775.217575380048 445.17286010092005 19.871216221619896 5.65193356597214 -72.09254376411018
1482.663529016654 3775.29037894999 23742.619051215737 15.553716360196917 5.65607881354882 -72.09197834305513
1728.5859696793445 3775.066672452382 99.5901231306918 21.49699724773855 5.666224275095525 -72.09058785420287
2539.4853592490654 3774.9223208702174 -0.931715301278307 nan 5.699677804696442 -72.08600669012223
2951.9247940826112 3775.3096001844265 583.6022141292872 19.577245593805852 5.716695046801078 -72.08368027155257
3310.2795955072747 3774.705155727066 24.695261893811672 23.01100383048135 5.731459984190541 -72.08164578837435
3731.85572148032 3774.4275954699146 1.5844871897021775 25.992816090176674 5.7488335899847485 -72.07925645235892
3789.553128928936 3775.324812591333 195.66062248999035 20.763779343817884 5.751228220691393 -72.07894118583101
4132.87058463591 3775.139464484305 326.3898033453282 20.20819646449712 5.765373647183504 -72.07699459457069
517.9442233020959 3775.633295653621 127.84902695869381 21.2257943534945 5.616255083012929 -72.09742117086671
1963.5847331194987 3776.0911720527056 21.017258895628164 23.186097736024223 5.675940391889411 -72.08927435181555
2345.736431454387 3776.378420220721 9.277635563383763 24.07394464876499 5.691712337711232 -72.08711982909833
2981.6997234083674 3777.121428775207 45.0615746611288 22.35802201123505 5.717956183851657 -72.08353489454373
3816.464378430453 3776.3706001915757 0.7342265092412368 26.82796276942026 5.7523566399550115 -72.07880208485838
3873.655062576652 3775.938093140956 7.333812843176296 24.32921336430837 5.754705799005954 -72.07847278060035
4304.002932383799 3775.8511910645234 6.7214592628485414 24.423878993988176 5.772438366635826 -72.07603409835984
4463.86586775301 3776.259103128128 18.094145646200204 23.348692716580437 5.77903246654956 -72.0751333643421
248.88646023795954 3776.8675330509586 -1.1030011423653336 nan 5.605165029401389 -72.09895217297962
1144.8477549223085 3776.4676758976593 7.672236077979 24.280233026556374 5.642155789882259 -72.09389859857743
2622.705593937791 3777.9746170385015 40.417611307302415 22.476111313527618 5.7031664582239125 -72.08557512794707
4469.6364095366325 3776.717785596404 20.81690832150829 23.196497347133377 5.77927865590461 -72.07510647591856
607.790242019128 3777.604064116457 8.516350279647773 24.166904131603683 5.620001630376082 -72.09694003678496
905.0135921138849 3777.899056172195 1235.32947055533 18.763080915391654 5.632280229100347 -72.09526885330374
1114.0221516654547 3778.427552421405 12.875557030948736 23.718122853899274 5.640919145509371 -72.09409728507792
3082.153635261417 3778.227198283849 1.2572951212817103 26.243944845164734 5.722118785300872 -72.08298085088096
469.85331234913565 3778.4003554633314 -0.18890368121423848 nan 5.614319662666271 -72.09772719383831
3409.9798152167073 3778.699351078373 11.730620170747025 23.819235488876124 5.735643805992769 -72.08113235908947
4282.63613867185 3778.6332032403548 7.7204533345318 24.273430915377205 5.771609192877194 -72.07619043995957
4390.678561762663 3778.5509833025535 120.44394899099737 21.29057545536792 5.776059321435159 -72.07557718908558
570.6449704829479 3779.7704759658927 26.069737391889085 22.95219628000669 5.618507344059624 -72.09717680823994
912.8847507043056 3780.5333247861377 76.10290596180987 21.78903481988293 5.6326535188042275 -72.09525792547001
1739.527015102675 3779.9786276394475 96.8851858096173 21.526894479783447 5.6667659414257985 -72.09058844083032
1827.567451042725 3779.4848641127373 2.24269648722666 25.61561166401605 5.670390047097397 -72.0900852572418
2356.782513428492 3780.5935615681833 13.379228427798648 23.676460249424142 5.692245437939397 -72.08711091060478
2663.3690794190597 3779.073472892856 1057.3130865198113 18.932028902126095 5.7048638292191125 -72.0853592527464
2967.601131065435 3780.213905045492 1937.9478720914647 18.274182693548944 5.717431642595417 -72.08365384595152
3777.4918949060693 3780.4247072102385 56.400618472897186 22.114328255150003 5.750824931600529 -72.07907415113685
4426.259296067276 3780.532730149168 505.2368715583857 19.733800327766133 5.777561771861554 -72.07540068205829
1487.3922052750772 3781.1725617324346 104.89707158949057 21.44062951062327 5.65638190942653 -72.09202631936678
1697.8456225659265 3780.9290587607707 3.8056423768576697 25.04146798498 5.665063247934081 -72.09083573693836
2944.227954572207 3780.4169078482587 50.96706050336933 22.224313954492594 5.716471521413039 -72.08378858225542
4438.5521944388 3780.4445928235473 59.183483958376065 22.062036602989846 5.778066620681847 -72.07532989806704
272.9302406567126 3782.0064213724104 31.73509998104137 22.738688243814508 5.606252307087341 -72.09888202821148
1602.2006277884057 3781.498405662467 3.0130002387059704 25.295040005842147 5.661126385727098 -72.09138269109009
3628.391619816538 3781.743831194492 37.39151686109602 22.560605212220292 5.74470347306366 -72.07993492019868
1353.4623853486216 3782.8977663366923 137.2984556063678 21.148373790722864 5.650885442344026 -72.09280371960764
2157.0016821544655 3782.4869362572604 10.334731213838744 23.956789956144682 5.684038216913123 -72.08826336073005
4364.153888313542 3785.0219000057787 39.78666866636961 22.49319397795125 5.775085605713254 -72.07580955036805
4459.391320074048 3783.312244190352 7.933717573326697 24.243846080347932 5.778977998187596 -72.0752481571123
1156.0992295197732 3783.542103088282 147.30600209029413 21.071986813923406 5.64275002722189 -72.09392494905295
1543.5422356362294 3783.7966647768926 182.94683144296246 20.836725690787887 5.658747584388848 -72.09174283128593
4131.32600635567 3784.1909334990237 87.21368324320082 21.641076350603615 5.76547661079826 -72.07711812770795
4278.355091480057 3783.991331570501 24.207830676710977 23.03264823857345 5.771531442190306 -72.07628264044993
1290.9369620305256 3785.550758670262 1650.4661072748254 18.448521395007123 5.648353137063532 -72.09319004758963
2024.5916948650668 3785.4174700115277 -0.9090693499123318 nan 5.678628867447126 -72.08904825064783
2697.948250618623 3785.5758134286634 5.251473077610802 24.69183506265127 5.7064095078596555 -72.0852463052368
3159.0893898753916 3785.2052699784167 -0.8070596591986492 nan 5.725419398460152 -72.08263423346003
3691.990436428357 3785.2342927130458 430.102430890191 19.908608178182824 5.74738922171239 -72.07961918763165
4485.309329969688 3784.8551540956255 663.0431994019658 19.438683358512943 5.780074218121126 -72.07512082897433
1370.6075074018738 3785.3998466888866 56.53155257956309 22.111810638382025 5.6516390540343595 -72.09273876799541
1886.373702072102 3786.3709032307884 394.2435961889018 20.00312630182041 5.672943101715816 -72.0898406889372
2736.863267182596 3785.6672447327296 204.1667577890079 20.717575340672468 5.708016186195827 -72.08502750435959
4267.71042903031 3786.084526659688 3.534685296192584 25.121661037812252 5.771131371317777 -72.07636949454704
3680.465962591081 3787.270911400192 558.5701398982964 19.624843632480598 5.746951659428103 -72.07971025517152
567.8702757919318 3788.363080134105 964.3215833852283 19.03198320298815 5.61855022901423 -72.09730152304311
1931.255113748179 3787.65777663727 5.45776401678752 24.650001036837757 5.674818714020829 -72.08960364943955
3176.503808739005 3788.192803215082 6.912344582292057 24.39347447176663 5.72619236366449 -72.08257362977456
3411.6550940991533 3787.884644665985 10.848616132451408 23.904102065068415 5.735881798310268 -72.08123938617128
696.9288371206915 3788.5654494391338 9.521638849534979 24.045758658786454 5.623883564133323 -72.09657694868102
1348.1356064542767 3788.4486659461727 13.303328034769448 23.68263717081873 5.650767391282545 -72.09290421698849
2818.644152532675 3788.43547658107 1.158305595675469 26.33298003507248 5.711439880011351 -72.08460032685697
3534.4591162346946 3788.85934312479 1.8977014739790508 25.79696818374524 5.740962285399275 -72.08055681180514
4186.884361611368 3788.967508005084 1583.9666789123082 18.49317281774037 5.7678539523722705 -72.07686396966047
4188.575911101399 3789.230122703046 18.019140267037457 23.353202756071262 5.767928489973783 -72.07685771704793
4357.14860648722 3789.234033614825 457.13045957335896 19.84243752050051 5.77487452810594 -72.07590265780227
793.2382037468622 3789.5155041353146 37.663841916163165 22.552726375210874 5.627877917134633 -72.09604628680549
1531.6493611175151 3790.3887144721884 54.261148696244575 22.156315462446255 5.658377680610794 -72.09189359331255
1692.565809797402 3789.5790078398495 4.749700918901752 24.800872261907507 5.665004099120289 -72.0909753067909
4228.776595349356 3789.526633416608 3.557861269397001 25.11456539663003 5.769590465743131 -72.07663372809634
4266.799104385332 3789.889377756988 3.3089458164029484 25.193313781800327 5.77116386963207 -72.07642290606
2136.677380300973 3790.879084081187 868.0474002494312 19.146179319206073 5.683353776540064 -72.08848462699572
2355.8030062481284 3790.553548869252 61.83310155036857 22.014485342867204 5.692387967874288 -72.08724281729177
2760.0196554108434 3791.410328168968 111.85394295404747 21.37090967609042 5.709076760082038 -72.08496947014943
4029.2458921984435 3791.4003120356606 67.35777688239364 21.9215685585303 5.761402648744989 -72.07778775304303
4153.902729982775 3791.129541752063 48.59762747441451 22.276000251998788 5.766534671980143 -72.07707822654073
4388.593152446956 3791.54364375567 14.187874252365047 23.61274459441962 5.776212635477434 -72.0757537565577
272.9545614702908 3791.6723061273337 5.181214470354973 24.706458996606255 5.606430390155738 -72.09900461073188
2625.9243944143877 3791.630302369962 566.3960919346331 19.60973730076334 5.703550120517942 -72.08573018728376
2869.7273625431226 3792.540226284324 16.02774825228954 23.480356640157453 5.713622020553405 -72.08436360370261
3697.234806252282 3791.5606251425797 16.838807836168183 23.426759569004425 5.747721779202186 -72.07966973639564
4346.8611239512875 3792.0526518689207 4109.000573144905 17.458197416444506 5.774502554674695 -72.07599669340671
4378.953767384041 3792.2830696413307 275.07626106380417 20.393905139487945 5.7758290902927545 -72.07581775740204
1764.3668069107878 3793.5114291899963 178.3069016054481 20.864617537429798 5.668039404797113 -72.09061998337319
2560.8419925956387 3792.992971945757 13.318270777906234 23.681418319987117 5.70089070612489 -72.08611527499306
2890.0059228485293 3792.9223128016474 19.78666822960478 23.25160624140338 5.714465325668489 -72.08425380040772
3680.182702800544 3792.9118453187457 3534.273118266545 17.621787652363185 5.747043761492128 -72.07978340235778
3802.596164042771 3792.4932199200352 24.21100341767066 23.03250594849986 5.752081702927959 -72.07908507877204
4079.9474712683045 3792.61978777929 1.2005992315341791 26.294042768439112 5.76351451321756 -72.07751604538814
452.5901863114898 3794.533241043338 2859.9965212256975 17.851624158861846 5.6139023105324295 -72.09802924582873
2481.068361802235 3794.448418419787 5.091932363742757 24.72533135535306 5.697626877635118 -72.08658451474726
3429.150312269237 3794.4116412608128 2186.8433219583517 18.14299374905331 5.7367230987522815 -72.08122317826377
4481.471009065412 3793.781289822574 34.748635464064456 22.64019353340879 5.780080460422363 -72.07525576539528
1236.1584821306915 3794.5391929624607 760.3018531074368 19.290072798524516 5.646256732869975 -72.09361306651272
1399.5710837368033 3795.058393393468 12.235754940942511 23.773460995289177 5.653011781355527 -72.0926979758364
1523.528950887084 3795.3318459421994 5.0698138789531875 24.73005788110613 5.6581332202257295 -72.09200214354024
1696.0794803389547 3794.647367350907 15.534181312721145 23.51431699636692 5.665242123235801 -72.09101979824432
2382.1143089449247 3794.5362326443465 1784.437228534885 18.363784732777603 5.69354653023872 -72.08714470830441
3590.245417391105 3794.5321722209046 656.9473134335068 19.448711568691138 5.74336628784343 -72.08031302887649
4440.632581398782 3795.582424337721 6.350662032036532 24.485490418099438 5.778431087043588 -72.075510055879
1080.0933761215024 3795.66713999194 -1.3085597022305906 nan 5.639834565437377 -72.09450740549549
1204.4486986955462 3795.527291353543 16.241943928213985 23.4659429039201 5.644965827138051 -72.09380443067941
2263.3539899567513 3795.76513498577 37.74737627496821 22.550320995296126 5.688669783863011 -72.08783117138951
2681.639689027126 3795.4001909290573 18.357982039611397 23.33297556946136 5.705917391686432 -72.08546312299886
3573.754209910323 3796.3886182137203 18.340067680128314 23.334035586021876 5.742720634957641 -72.0804299131455
3837.5815349779828 3796.229718749117 1269.8345092786858 18.73317010761055 5.753592417128407 -72.07893438122025
4317.427322472048 3795.7541331031703 58.76146477067582 22.06980638832725 5.773357940339082 -72.07621041315275
1023.0848097297592 3796.733902450637 -1.455343258519755 nan 5.637500482067677 -72.09484235418613
1406.9989493845746 3797.0211641924298 383.04937283993536 20.034401032009647 5.653354389924822 -72.09268098662176
2140.5430269398025 3797.96454996721 37.71558279567665 22.551235863570827 5.683643374052457 -72.08855270328614
3603.8447251707967 3796.4931827681685 481.9172297145029 19.785106786883162 5.743962948905771 -72.0802609285989
3707.997100341601 3797.0603967297207 11.024610007983402 23.886629832581768 5.748266575081158 -72.07967856468017
225.28686881056058 3798.286994836485 -1.2897117321168268 nan 5.604582608692803 -72.09935700429112
2732.6118345457994 3797.829565813542 138.55696164639227 21.138467042722514 5.7080643369540045 -72.08520583436436
4030.3604588836197 3798.426238907194 52.3083274133176 22.19611083741427 5.76157789527449 -72.07787054035778
4388.616740822835 3797.7674412168085 33.59398335223026 22.676884164392007 5.776328208584385 -72.0758325419124
4448.540721246876 3797.752873025666 6.915888129985444 24.39291802204695 5.778796873847057 -72.07549275873382
815.3071746438236 3798.937460778361 3.997706727993841 24.988010593340032 5.628961914332538 -72.09604151508269
1757.1775823829719 3799.8002094452186 0.34407030507230923 27.65091993972156 5.667858144178013 -72.09074036682293
2693.325032983309 3799.471207263638 26.822377595148676 22.92129474091894 5.706474155145573 -72.0854487241218
2891.27230286963 3800.0016890586594 111.69392859793668 21.3724640045497 5.714647666698335 -72.08433644945546
3557.899931287966 3799.7209139922115 0.8185429432178735 26.709934249201467 5.742128377801068 -72.08056190928771
3724.606671484834 3799.9647475051684 57.20352223539346 22.098980994152583 5.749004636978484 -72.07962137215702
3826.20710257924 3800.313647473957 3.745587922303845 25.058737931126625 5.753198757806694 -72.07905057784873
3974.564615058723 3800.636066747683 6.849552574546446 24.403382412294743 5.759319129530897 -72.07821456732951
1463.777804112798 3801.17632427299 3.2100021973561144 25.226274596807425 5.655774240789579 -72.09241341905438
2793.695028428822 3800.933051665975 35.424735435054 22.619271382391425 5.710640613044414 -72.08489991631242
4195.373198966929 3800.4825386162893 1863.525940132768 18.316699314851974 5.768415729337713 -72.0769619007227
4489.810018825406 3801.089904150628 70.73833365939882 21.868400858083447 5.780558615472945 -72.07530117404029
775.7015283342873 3801.514311907285 25.907422243717477 22.9589774126064 5.627373743333975 -72.09629743058169
1231.717963702086 3801.969357106137 2218.0435653948384 18.127612740964107 5.646209707254437 -72.09373241546976
1712.8107611008402 3802.3759942052393 1.7594559388647217 25.87909193229908 5.6660744558124625 -72.09102345475532
2333.270566678326 3802.457205528868 1.9462369890383002 25.769548615430164 5.691677067481699 -72.08752114122555
2810.580693417122 3802.083449702866 919.4136266862328 19.083760580624936 5.71135815164892 -72.0848190536927
3748.634723091351 3801.825617117696 20.275041797629463 23.225133525554106 5.750029271466866 -72.07950894426301
3854.4104003994034 3801.833285488759 3.9497242292009407 25.001120985722302 5.754389140791458 -72.07891015908696
