hst_combined_catalog.ecsv
# %ECSV 1.0
# ---
# datatype:
# - {name: ra, datatype: float64}
# - {name: dec, datatype: float64}
# - {name: mag_f606w, datatype: float64}
# - {name: mag_f814w, datatype: float64}
# schema: astropy-2.0
ra dec mag_f606w mag_f814w
[from data line 1662]
5.586170961692998 -72.05640742408931 25.50297120903328 22.127296139625336
5.605401471231199 -72.05378406016979 22.745692677941342 nan
5.646924693969955 -72.04810750536723 20.317146997376796 18.898364545134736
5.661069146127139 -72.046156960875 23.745740910508545 18.292663633420005
5.7073589326600835 -72.03981098923165 23.43220352694027 19.007082779226348
5.556012289791738 -72.06053377821806 22.17213916770913 20.65978442883238
5.630718932338842 -72.05033738559419 23.93592036394088 18.79154693004621
5.667596013145949 -72.04528790022152 23.40195356953986 20.826227632711433
5.68379388568892 -72.04306098804791 nan nan
5.688216569798485 -72.04244985691774 19.0407617027394 18.13785007213454
5.618637749795197 -72.05201085671271 23.268905357480218 18.842161398822554
5.646425523002798 -72.04819373581614 nan nan
5.662521547593352 -72.04598800363495 23.81837041936969 20.299930664366876
5.687732551125083 -72.04253507618849 23.548016975287986 19.189523360620086
5.678435378504671 -72.04383500428024 23.85082381121851 21.36741807062464
5.559625444451534 -72.06008284708177 nan nan
5.650368914418806 -72.04768406150406 23.590597489356995 23.341651207414404
5.668427483895502 -72.04522003356487 22.724208319339233 22.88282963105683
5.675333620880571 -72.04427624714575 nan nan
5.694661953298886 -72.0416124046047 21.902721716229443 21.22848930330706
5.618930331603058 -72.05200728548155 19.29145624624276 18.87687781332349
5.633198746470615 -72.05005516994635 26.0745166791059 24.373376858828564
5.653195514862475 -72.04732483338931 22.253195341606798 nan
5.6819074805766165 -72.04337704684227 nan 22.40426628059914
5.7074125845044525 -72.03988196475184 21.382208317231008 17.913306741286313
5.568787747345018 -72.05887276487663 nan nan
5.5917719301626985 -72.05573987769286 23.256576565471917 nan
5.701852330072728 -72.04065644464053 25.75712941412883 25.91048154413596
5.5895072245402435 -72.05605733687872 24.29056451582992 nan
5.685307626783682 -72.04295112169702 nan nan
5.690569591032267 -72.04222487261183 19.64465016394679 20.80738001196002
5.579467776291543 -72.05744539270142 23.689605092466053 18.31028487289607
5.583849936198017 -72.05684181406353 24.419983766267645 21.96552746846298
5.678035289302683 -72.0439634177617 19.187093423139068 21.667974577755178
5.694159328412977 -72.04175112909253 23.1113814659143 16.585350077099235
5.697573253836027 -72.04127776035236 16.393374581903227 17.603957307024054
5.555939422902243 -72.06066284338651 21.710583402317116 17.82327983488289
5.62174885292371 -72.05167525848034 nan nan
5.660516204937013 -72.04637701733844 22.79428416529152 21.892890201812122
5.673596370325411 -72.04457602618795 24.57022459212171 nan
5.698583119298219 -72.04115533390372 17.966922991800875 17.94906537789853
5.54455417682006 -72.06222852184278 23.559152042832913 21.63912706229441
5.579930820322884 -72.05741699490468 22.652869464746693 19.096578173109247
5.642033986392828 -72.04892233330547 nan nan
5.632254120941811 -72.0502778784682 23.53080499038178 22.05219209979858
5.653821735161096 -72.04731632207425 23.869623856183306 22.37324808395285
5.662636867587945 -72.04612379646132 20.367550762489422 20.166513516898004
5.677022759557203 -72.04413770031691 23.58553104773993 18.893814255706047
5.593791702754748 -72.05554998462149 24.03607004830136 20.35447583715655
5.645745847959555 -72.04844757894263 nan nan
5.648694182485628 -72.048037986895 22.240506372258107 21.844105664523948
5.67742761002132 -72.04412249266151 19.34853089358775 18.992503093873196
5.56588321365633 -72.05938454546471 nan nan
5.634652073455039 -72.04999140233814 nan nan
5.659807967258932 -72.04654757039239 20.018940201703643 20.722217731998004
5.668939090242654 -72.04530549469587 18.307398070544878 21.669804152815647
5.699638717168944 -72.04108795680203 21.511198913898852 20.31577575817566
5.613074585321336 -72.05295882126534 nan nan
5.666524036553301 -72.04564604835348 21.88253185185377 21.159601387672883
5.668924653960327 -72.0453106368131 18.307398070544878 21.669804152815647
5.563908312475831 -72.05968082808498 nan nan
5.61052942653475 -72.05332940962477 nan nan
5.619906994049193 -72.05204363192331 24.397383944857374 22.117859371431717
5.547018721778918 -72.0619983542503 24.81675151307847 nan
5.578804009123471 -72.05767957610972 23.03265271431753 20.329399884677848
5.623743581146921 -72.05152647101708 nan nan
5.624358017451853 -72.05144837492406 nan 23.035427493457725
5.651009730559878 -72.0478217625104 22.88332208094245 25.65054771643637
5.682063644324746 -72.04355685780752 nan 21.536991444139908
5.706985359876902 -72.04013899412861 25.51909834021914 19.256565602133747
5.690824733751447 -72.04237949683423 19.215998955489823 18.580307341691338
5.700283685618757 -72.04107282463808 22.09548070911399 20.068085919186657
5.583627720487722 -72.05705333876897 24.6064012954401 23.02465286613308
5.672423009196833 -72.04490634684312 nan nan
5.700941504353836 -72.04100085130756 22.372512488108228 22.441996313300706
5.574156702086254 -72.05836510922717 23.88887275207573 nan
5.641685124116267 -72.04914543070603 nan nan
5.651708886866721 -72.0477734198167 23.38838564522368 20.627932580618022
5.684334055164832 -72.04329186596591 nan nan
5.701399064403854 -72.04095259544941 23.494917895998988 22.343178035695257
5.5975889813249635 -72.0551832998321 23.809359379684523 20.222748791808684
5.594988262387897 -72.05555439881525 21.71991267134581 19.279611039401463
5.619140356443338 -72.05225092122845 21.752941160656746 17.437994225151545
5.638230180441479 -72.04964451235955 nan nan
5.548809134233574 -72.06186084538533 25.41127444244553 22.12618774376611
5.59941633362137 -72.05498353911246 18.019693206174193 17.31472657623475
5.586961189238891 -72.05667268482007 nan nan
5.605270731560987 -72.05418249002135 nan nan
5.655958174513528 -72.04723600860865 22.860753462195518 19.600658699100407
5.612711675451078 -72.05317920582041 nan nan
5.6341811463217795 -72.05023540265421 nan 24.05645925339604
5.670520120744689 -72.04525597984512 25.06190787374634 22.53325079019102
5.626686058741973 -72.05128768588524 24.064712960902106 21.419378134717988
5.615779600633651 -72.05279150889433 nan nan
5.550313210335529 -72.06173714196026 21.459575517420543 17.711475450299858
5.569189049527946 -72.05917356309176 23.214036261366367 16.793973166247817
5.632948200769835 -72.05045821778317 19.672621051575305 18.595499242965168
5.665188091582662 -72.04604828390104 24.365951354263576 22.463860757532533
5.682042689894643 -72.0437220061895 24.326266988420006 22.40963331407139
5.550293178727178 -72.06174618597127 21.291759487106095 17.711475450299858
5.5853265005368185 -72.05698217034511 23.647674345363395 21.355012007988183
5.644441821169623 -72.0489022104105 nan nan
5.648137440370832 -72.04839306144285 23.546694930861236 nan
5.683159722281594 -72.04359445079996 22.92346276632936 19.51223337664905
5.5605423279887365 -72.06036658549885 nan nan
5.617021428887487 -72.05267288215109 nan nan
5.652868938104759 -72.04776014440554 20.149724039001505 22.438839171491107
5.561192706904585 -72.06030388500162 nan 24.254074491918068
5.597058073196774 -72.05542047763153 21.583117153542155 nan
5.649678998614509 -72.04822405221364 18.69923294609984 19.950977781209268
5.590707286122802 -72.05631927547041 22.34006828679236 19.876045588672866
5.633617857669908 -72.05044905785563 18.88772100511244 18.28327249565051
5.544406697701626 -72.06265054533199 24.149865080110857 24.117048874934504
5.546676188739162 -72.06234541131667 28.501623812159902 nan
5.556457408755375 -72.06100286961225 22.27417340390908 21.14681666982091
5.664838015460568 -72.04619050884295 23.905193759805293 23.26812915810178
5.680036287717022 -72.04410508392813 nan nan
5.698315580726847 -72.04160178310602 19.701493958845788 22.341870611945144
5.702564992679681 -72.04101477937107 20.76262629353968 17.252535352774444
5.563671644264292 -72.06003707728068 nan nan
5.696598359798796 -72.04184326857136 24.05060170887933 23.87841690099876
5.6223987763273495 -72.05203305833194 nan nan
5.648931117746777 -72.04839761198102 20.720197705593037 21.435992626597763
5.683555002331173 -72.04366210476738 20.122149952758477 19.136500414813966
5.566548517262506 -72.05967909741575 nan 22.42478601327565
5.602332904220784 -72.05478509133067 23.19129956101608 18.872888728014402
5.6517370766782395 -72.0480277763008 26.120900007047887 22.569603313426487
5.666495156179458 -72.04601832775494 19.33339922797738 20.622919737083706
5.589083083474553 -72.05661539761711 nan nan
5.644049438817671 -72.0491074547005 nan nan
5.591548484971638 -72.0562995073811 24.243352996961487 20.306252373887922
5.600134899738966 -72.05511956148376 21.29901689479624 17.749987316506058
5.608236481567235 -72.05402475000699 22.80935652939811 19.39574548492874
5.708582591124245 -72.04026702140936 26.346182667428945 23.5321639772162
5.582147400729961 -72.05759689550958 nan nan
5.618575689512794 -72.05261914310758 nan nan
5.6424233415476515 -72.0493482986821 nan nan
5.675828173325492 -72.04478350951699 24.52143516806261 23.209603597548274
5.621555690568736 -72.05222787128642 23.16556087634992 nan
5.6406032098170344 -72.04962399250317 20.13804861024996 18.984977730209447
5.565804618292822 -72.05985136249444 24.957438414472527 21.748900775544563
5.610799546599962 -72.0537216585407 23.519211767953475 19.87595127654264
5.63612586211078 -72.05025396195525 nan nan
5.674140774777779 -72.04504607499118 23.72924926016772 nan
5.707227525438078 -72.04049899010647 23.003889960043264 17.145301835152246
5.684368680721437 -72.04365001621217 23.702585354377568 19.453901275870557
5.690580294460228 -72.04279138077658 nan 23.60691382143984
5.707528911206202 -72.04048174842704 21.327816249107077 20.668896377399356
5.557133809839026 -72.0610668257092 21.48584268992054 21.546680647541166
5.656528742302441 -72.04748694367727 23.00067363404329 17.46674969711395
5.656531647981105 -72.04748658116681 18.34422490429401 17.46674969711395
5.660730355802742 -72.04690229152455 18.613404040807637 17.599823759036408
5.606782712894312 -72.05431395172914 23.0633401330078 22.496874000176838
5.6307123996300055 -72.05102791526976 nan nan
5.707860152585705 -72.04045149101444 21.342540670811267 20.51356817717715
5.708450868613305 -72.0403693249795 22.685308125516432 21.74980380651065
5.652593837423693 -72.04803813089039 21.03205421074197 15.899527737567066
5.691383267208975 -72.04274486713292 23.82657547694175 21.517906650469712
5.584013887000332 -72.05744668455488 24.479351686321987 21.45836738178785
5.669465544781155 -72.04575248038158 24.611046421936305 23.97163829881746
5.70697857830107 -72.04061464451446 17.88804288894424 21.93730078845993
5.570152233629838 -72.05935965200318 23.543668748562048 22.439933438152682
5.617876032099757 -72.05283505093375 24.239975219483153 20.794854325405314
5.5854743247748955 -72.0572754240962 22.02944293036397 20.422881188808073
5.646819849621948 -72.04888765101133 24.129407259453433 21.100780982929454
5.6550035887126455 -72.04777464464516 24.273068167283373 20.349987853974838
5.667137754202995 -72.04610631280013 21.069226074568917 22.416089175770566
5.6910067418827 -72.04284571747458 23.962322497293062 22.37180632929624
5.613926694358776 -72.05342725385093 23.290278517009753 20.169894298491005
5.693807296498345 -72.04247148327377 18.406939878448245 22.471610693108047
5.6677558113806805 -72.04606223845605 nan 24.731881056607335
5.552890939814714 -72.06177914726679 26.750337764736322 23.164353799459832
5.600240322396111 -72.05532615907487 18.868549670492293 20.35808321517408
5.648250995472591 -72.04875118184444 21.69861105639333 nan
5.657324156680801 -72.04750564037631 21.85617777576823 17.427817110123435
5.672802843790012 -72.04538278811324 26.020083052702272 22.518971583346833
5.678877003691669 -72.04456154923842 22.840320896095086 20.84706549769518
5.596504645450115 -72.05584653797223 23.16122831229911 19.586458422603247
5.637577545632575 -72.05023598401714 nan nan
5.676369636277562 -72.0449213925354 23.66301768449852 20.352585505335295
5.697701902917013 -72.04199604125574 23.19041159141012 19.621080799901783
5.653799987303567 -72.04802737648262 21.784655414326494 18.910462496740884
5.658818152324192 -72.04733923932376 18.552173946969507 20.247361587949726
5.553517092907106 -72.0617415209858 24.847117657412348 22.625019877690747
5.702998866386962 -72.04129699646042 23.320012923718387 17.544140808485995
5.629238373009644 -72.05144302215075 nan nan
5.6412706907455155 -72.04978210227964 22.45631848895139 20.113464022212565
5.674900631293959 -72.04518283804089 25.972970065871515 22.794956433226005
5.6802186781731185 -72.04445358223295 nan nan
5.694416240968566 -72.04252315866042 23.241658936486544 17.756099734978463
5.567730718703009 -72.05986663362992 21.751685521166245 20.915437563492862
5.58657752156828 -72.0572952257871 23.43064285297887 19.8271812225138
5.617478267503734 -72.0530733094151 23.371682632291634 21.474242950258887
5.665399404222561 -72.04650978997313 nan nan
5.6226027787966375 -72.05238510016193 18.340606996786594 20.375928506623275
5.6647592606544075 -72.04660994405488 nan nan
5.620157660339443 -72.0527294489155 22.249307713223708 21.05463238424189
5.564335405254364 -72.06036717607451 nan 23.418180509134565
5.564987441312603 -72.06028000740646 23.552724680046985 19.881273056030288
5.666132625755453 -72.04646460622557 22.12326068210143 21.807821719794106
5.600528034927185 -72.05544264536425 23.068159117654133 21.775472234040762
5.696913019012451 -72.04225869258181 23.416273028681537 21.38786762942837
5.697597039145215 -72.04214838200268 23.681718396648396 19.314496544238573
5.645091053951158 -72.04936268951218 24.04147802004042 18.741844973534793
5.671374069741416 -72.04576680425752 19.10704330391499 20.83018117240018
5.562803697202979 -72.06062996915038 24.502158755306066 20.495766075636567
5.594967008549516 -72.05623303392998 22.99372308316485 20.177190543280446
5.6100864158888415 -72.05418137763549 nan nan
5.64256673402303 -72.0497352602621 23.67655473859627 20.38053387590694
5.662260715587275 -72.04703161081105 21.569757977125747 21.64029673575466
5.553070766466525 -72.06197568979017 20.459276195654517 23.46952809090968
5.5693618798172375 -72.05975229877086 nan nan
5.571443082898087 -72.05946529501303 22.483428656651043 27.728845967813108
5.619323473490415 -72.05292100329028 23.577499442392472 20.211100009445566
5.605273280742134 -72.05488663587059 nan nan
5.606427303002283 -72.05471323571271 24.61099030348399 21.248156928330516
5.630680933050991 -72.05141202932917 21.860399107929886 20.52746280239581
5.6475268765718605 -72.04910141862734 25.269319091436717 19.04212359588885
5.622593699647173 -72.0525187134758 19.016440672403796 20.408979050054047
5.572800135348804 -72.05934104695504 22.777165563585974 17.337408442424113
5.635136058559285 -72.05082521247779 21.15380133391904 22.374806788791773
5.656512641001311 -72.04790704897431 23.130550500453616 22.052342683410878
5.673751484820586 -72.04553078827006 25.32418703247409 22.820059421124185
5.59756445053568 -72.05598147447544 22.636869999619968 20.252002749946794
5.5997200059251115 -72.05567732122623 25.157692674953957 25.173666426377995
5.619345974954694 -72.05301858237044 21.485013468587056 20.677107668095317
5.643458712866931 -72.0497190929428 23.214330505785973 16.880370664743918
5.645629514929056 -72.04942367854666 22.651962307266786 16.955038236454662
5.648466348733634 -72.04903322463505 23.37670415175449 22.677359966412133
5.662058084151146 -72.04718776973074 24.416109459974557 18.852182989106083
5.6486609541231125 -72.0490396255399 24.40920972183103 21.20272147057549
5.656543318561646 -72.04795420929216 23.049437549344418 22.046692165196724
5.708932037692886 -72.04075953351025 19.735278582212555 20.839909353750556
5.584643720155163 -72.05781164242323 18.220626538917017 20.29954639874657
5.682707378569671 -72.04438954008755 nan nan
5.562811516681001 -72.06079953613737 21.97932034163908 20.750909496256583
