hst_combined_catalog.ecsv
# %ECSV 1.0
# ---
# datatype:
# - {name: ra, datatype: float64}
# - {name: dec, datatype: float64}
# - {name: mag_f606w, datatype: float64}
# - {name: mag_f814w, datatype: float64}
# schema: astropy-2.0
ra dec mag_f606w mag_f814w
[from data line 5821]
5.651617968193601 -72.06565442940871 18.92487670718377 18.49702662928872
5.662274145568663 -72.06418546949786 22.569570419829095 23.28667141066702
5.66323144273744 -72.06405928566376 21.90256038581051 18.614753878331207
5.668654737572568 -72.06332751960728 21.859803660285237 17.93189146144167
5.676530046450482 -72.06223649131884 nan 21.733451789130065
5.6943929378904405 -72.05978554375683 23.938074388632632 18.4246498184837
5.588463326955159 -72.07429951749178 nan nan
5.721141136948014 -72.05614038611016 19.659398718179038 23.949062642710096
5.731983457461613 -72.05465290744618 20.578939398731027 18.653251159947335
5.702526086487233 -72.0587072766682 18.698049908791774 22.625715058916178
5.7251076468006685 -72.05561432777463 21.977637592342305 17.323404664484297
5.613140858136455 -72.07094961354213 nan nan
5.616371124625103 -72.07051227144656 26.213526545179 23.019636511282556
5.6654906714865785 -72.06378990629396 24.41740626095974 22.053013368302217
5.668960877527807 -72.06331613941721 22.221709365083946 21.206125017394676
5.693955491667612 -72.05990358788915 22.885610623546892 22.1885835300098
5.702830332237784 -72.05867603898467 22.915600905017634 21.16743524951857
5.707381873525871 -72.05804858972546 24.16253922521388 22.671478416125176
5.717075410473614 -72.05672923779865 23.651038198116446 22.48213639939712
5.7420402777627 -72.0532856429495 25.89529359884837 22.355287721791626
5.609471878624342 -72.07147430116127 nan nan
5.65521446128979 -72.06522564656125 16.669480824623427 17.71926596076416
5.686948002632571 -72.06088211744861 18.3975374922826 17.44415769456787
5.69044272854609 -72.06038902711038 20.16607737906029 20.04047387563196
5.69939695604474 -72.05916620799827 22.401926173188045 22.80663064478044
5.7352692925305755 -72.05424188572864 19.697828739136202 20.817933834938216
5.645963677540117 -72.06650832657988 nan 22.774639460365105
5.652803357382533 -72.06555891126413 20.950452902515025 23.313148656453592
5.595288401898886 -72.0734392225594 25.300263707736274 25.328579425424415
5.643385728109585 -72.06686474160405 23.273897440686632 19.139184349116725
5.643863579398322 -72.06680496716814 18.95841982377564 18.969146320599954
5.662945334545353 -72.06417252441626 21.568573235411208 18.79003761202729
5.668510231786006 -72.0634381898023 19.575806683701728 20.19055877146884
5.686829539370338 -72.0609000134671 17.89843237369407 17.443151713808113
5.742603073319644 -72.05325830904843 22.945435563858126 22.08978608431999
5.632468903749673 -72.06837435121135 22.57316318787438 17.840034105191364
5.7195880157524615 -72.05644012748539 23.716938201472196 21.78637032297301
5.603816820248257 -72.07231267945363 nan nan
5.651789617913674 -72.06577963027247 22.798225031128574 15.852863550137453
5.573041167234108 -72.07653004099933 nan nan
5.648479015397186 -72.06622728860806 nan 25.330686691095416
5.661733298036725 -72.06441505867522 18.565702547690602 18.09888882865016
5.662166763685175 -72.06436718315271 21.484768779562184 20.61199803924282
5.666278957848982 -72.06378819877285 20.01986257834537 20.788352061276502
5.6801299642918215 -72.06189893989463 nan nan
5.740336193304426 -72.05364240918276 23.853966222140482 22.703468618086788
5.633160858807894 -72.06834861055741 22.340885755459126 17.523018879497855
5.667546733867768 -72.06364183000082 20.118079870953572 20.792330514442632
5.725468729260645 -72.0556886155824 22.723846556445256 20.5027834522534
5.734804707606689 -72.05441311599867 23.002343702331004 19.84134784752886
5.713753151389566 -72.05731972319458 24.67057354787764 23.549368946140607
5.7321082048321115 -72.05480177678166 22.316223917905162 20.1244494411505
5.608818669537977 -72.07169647265282 nan nan
5.622225639328887 -72.06987065538333 25.028623243671255 nan
5.67416639674713 -72.06276609621882 25.54017532070377 24.662463857690724
5.682571642370014 -72.06161067365875 21.42053135546004 20.495604054595397
5.689735711702142 -72.06063001263952 23.60281073272225 22.567681469691095
5.721682582848943 -72.05623696176032 19.729897071952923 22.45398162060029
5.727181351298345 -72.05548741311397 22.749815047411662 21.41724359809922
5.579963242316 -72.07564323084767 23.387075881992573 22.716659612781736
5.619275925939646 -72.07029271305915 22.085967264401745 17.744171211176365
5.635425868112743 -72.06807560832515 24.107036320234652 22.696709359144066
5.574668285628305 -72.07639055244252 nan nan
5.612433986372127 -72.07123237797992 23.661455938223803 20.29548267553178
5.67798926158256 -72.06226368282933 23.342064127616712 16.235084525239337
5.733018555462184 -72.05471645041142 25.38205654290894 19.03883085949246
5.579139673537468 -72.07579382965963 23.159642683397788 20.9610798631447
5.676133137696443 -72.06253227681303 nan nan
5.706914495076448 -72.0583208055626 24.72283623840498 25.024430432142285
5.60691694286068 -72.07204250075348 23.088826731628014 nan
5.629265184055443 -72.06898745935561 21.633961905324284 20.21299697955485
5.6885575385658536 -72.06085957599409 22.35737975654662 19.158782031993315
5.720384817333998 -72.05650022992764 19.707481331010143 22.70957837291381
5.731522231769211 -72.05496405587637 24.856937616344226 25.131876375918562
5.728283487721185 -72.05542961905346 24.257002224950682 17.739599592558918
5.615225676741323 -72.0709326830642 24.855114730286033 21.879097911416302
5.642150533824347 -72.06725685304154 24.36248884534355 21.916642811304346
5.702793256204046 -72.0589339022359 18.854566720647167 18.423021667737064
5.708657781542527 -72.05813454455874 19.15726011573869 18.566955761802646
5.7157848830864415 -72.05715738626546 27.46831446038089 26.03025804175843
5.736811323263831 -72.05428130548582 23.2640876815345 20.853511915254284
5.738021998935015 -72.05412624435529 28.670415537181864 nan
5.576886097345535 -72.07619513843814 22.412807651842204 23.352380403638904
5.596223423334981 -72.07359126045897 21.464793691840093 18.24350434207848
5.665843862211181 -72.0640414335178 20.124782837348327 20.06375580634765
5.694742912247842 -72.06008337523156 nan nan
5.7429147876236115 -72.05346806031676 21.356240079798205 19.711174600201026
5.6510870964371085 -72.06607535761515 nan 20.161241461715615
5.7217823280066 -72.05637590823093 19.39620366865605 20.849391403000254
5.7296942807538205 -72.05528911715396 22.145651991203458 19.99293705556756
5.585101109515604 -72.07510353233525 nan nan
5.596048663623027 -72.07360464936572 19.282766649827305 17.985697682181478
5.656912925455962 -72.06528948232817 22.73248040690718 18.965326657057574
5.68695194882131 -72.0611746541347 22.364667016166347 20.069018972219265
5.721049353219397 -72.05649899610854 19.14777619269778 21.386808575110035
5.574969148815428 -72.07649974436106 23.32175816883906 21.86059966280711
5.676221657993233 -72.06266112328426 22.427609835542054 nan
5.727136416091531 -72.05567952813661 20.726950519744825 20.939284958305986
5.645858661010073 -72.06682587801996 20.981525913321974 22.207349093513333
5.660376787079132 -72.06484718026648 24.02332570937045 21.03174928115795
5.7250521852315615 -72.05599082854411 22.898480526399613 18.78730676322956
5.571583516410591 -72.07699342228283 nan nan
5.586749923405555 -72.07493162113622 19.77022081322444 19.344369502411016
5.691061534257804 -72.06065303768075 19.74392295843093 23.538587458361334
5.7448554458736165 -72.05327727492534 17.455597416179828 19.693314683174066
5.630395187236224 -72.068982552559 23.392707259328976 22.60618932091401
5.645648690309241 -72.06688857423772 23.726288073199175 20.56363657550792
5.721132607805466 -72.05655169417373 22.76085144522366 21.390605545080927
5.588675311361628 -72.07469841268095 nan nan
5.63993901502785 -72.06769377942368 23.043785692367784 19.606614009385627
5.645129204398504 -72.06697296469586 22.49692922813296 20.69457727147571
5.688911241333784 -72.06097628977396 19.33811475612125 18.767813684567287
5.696432309099761 -72.05994580340236 24.948940401634907 23.541685167459285
5.6588120295839435 -72.06512409433887 23.05989468938647 20.11459822306162
5.667759878220495 -72.06389711950864 18.21946006504597 17.712743454366638
5.683780952649467 -72.06170080173183 22.971737770123664 19.454850463004473
5.69152476807602 -72.06063442161756 22.885567267976054 21.761115733784457
5.697252560776708 -72.05985114673966 25.278639751478966 21.746018103066525
5.714093595595878 -72.0575403447102 24.007459512299828 25.869829039165108
5.6677533787311845 -72.063901559442 21.174568567322584 17.712743454366638
5.675728490941014 -72.06284027942426 nan nan
5.7042950143209055 -72.0589204178813 24.94330379446815 23.011079890958786
5.740258037879662 -72.0539823993484 23.985759777366813 20.78984934047068
5.637543201959514 -72.06807643794389 19.925849556616985 20.7800597783545
5.683516119920512 -72.06178409798872 23.452313350684697 18.720939272936228
5.729071499703332 -72.05553841002715 22.655588735596318 21.4833879392894
5.600835649222803 -72.07310411378991 21.390935888346625 19.90758698890331
5.602543761702993 -72.07288062078099 20.965126808642655 23.84780250010246
5.741751904422138 -72.05380071506298 23.96794526421915 20.580658393982507
5.601667178373651 -72.07302104391026 22.996659166010048 18.90733534813663
5.641438534177504 -72.06758467466936 20.424034932523565 24.0517881649723
5.665810720013966 -72.0642508023075 22.80925571726953 17.78618219757064
5.6818603832245085 -72.06204826420579 27.631761331616968 nan
5.686079776892389 -72.06147566597889 22.878162569393794 19.554927954679442
5.690381596335815 -72.0608820364614 25.923200562510985 25.651262998733916
5.5932564143978105 -72.07417942765825 22.280524474204082 21.82690033530475
5.679475457448129 -72.0624053777304 23.36098900099692 22.406874376575228
5.708491494219039 -72.05842016743188 23.1092088915076 21.91474122315578
5.648909609977749 -72.06659961555225 23.720581976316257 26.81846644113644
5.745459000219328 -72.05335901305929 19.9115150517187 20.7433045356597
5.57719525938457 -72.07640930789398 23.057739723226728 22.18842228342987
5.5836985054566854 -72.07552612030935 22.700136111839132 19.788300398765674
5.59291822749057 -72.07426978590478 19.65052659204678 21.347844356914834
5.604706952107699 -72.0726616174517 21.92682568252605 21.03228490687276
5.651819003061885 -72.06621836413687 22.363221459263833 20.5290979188801
5.705337321549367 -72.0588838887731 22.37067904565482 21.439462874396426
5.7293734413610995 -72.0555848879885 22.416534557438826 21.411527623164005
5.732587717583154 -72.0551426161253 23.22954624821424 21.11731189784637
5.582379701834906 -72.07571707676433 nan nan
5.657359307595782 -72.06547665174735 23.464774554648518 18.853317796401498
5.663908815966865 -72.06457872315993 23.293367015539566 17.877593531771502
5.72249157570941 -72.0565426591055 19.046074417936254 17.79215955245622
5.623793237937675 -72.0700849610426 nan 23.40365222206263
5.640032305010831 -72.06785541907834 19.237503791683473 19.067266856907032
5.6670126217189365 -72.06417391120394 24.20194656505854 24.22192047382014
5.675198213005465 -72.06305061691096 27.24148117893518 19.7989434963559
5.701580659078597 -72.05942971655752 18.090570415786054 17.171568430289256
5.704929931564122 -72.0589652308607 24.153718163532858 21.590520099168796
5.716174278902043 -72.05742314509241 22.377184650664816 20.63933154119843
5.587240632390597 -72.07508088533508 22.103019407616905 21.951473901465004
5.59373873666487 -72.07419831143991 22.725319477741415 22.73850392227672
5.600497565977657 -72.07327789659519 22.02398961117443 21.70693530197753
5.6780722991750325 -72.0626632837699 18.14503295642578 23.920903507211136
5.737033603697266 -72.05456775313456 23.78450614103935 22.975867028788436
5.596881397296219 -72.07378951072369 17.861359543800084 18.544208417527614
5.6153666069403085 -72.07125607876766 nan nan
5.616317705456292 -72.07112698280805 nan nan
5.637925655466621 -72.06817073777344 21.56070299946468 20.401005299433564
5.64074389274432 -72.06780040271714 22.97955794432079 18.853952421627344
5.655241115817917 -72.06581146819896 26.72484047037526 21.91344119283088
5.7260480763646395 -72.05610782195515 24.593172703756437 24.507028094608465
5.630584671687087 -72.06919413738834 22.71436799605679 22.317551987911184
5.666311365477498 -72.06430927175873 23.235279647394822 20.53226463998547
5.720254757708735 -72.05691207573577 18.519834936946086 18.23827042460459
5.738316415338864 -72.05442441572103 nan 23.580278197709976
5.682885157091191 -72.06205704005008 nan nan
5.7378324493401776 -72.05450357919759 nan 23.526824597332542
5.742508051748539 -72.05386763341657 20.965252576919013 20.140293228939996
5.656296705899233 -72.06571843999222 23.766903979172685 19.17696228779757
5.581505597485117 -72.07594616456991 23.477650402304246 26.31069050499566
5.667778291625318 -72.06415102733747 18.695445895875874 20.1656276804862
5.689070116224401 -72.06123670321553 24.91407948614669 21.075467523296638
5.70310484963608 -72.0593170426467 18.819999437107178 18.215830483132088
5.735055362831569 -72.05492069852042 19.8125872947597 21.005756855079092
5.74018205952633 -72.05421247990267 23.420117976263352 23.131034936186715
5.571487364257493 -72.07732850672897 26.449028702144332 nan
5.586416671727491 -72.07529028453706 19.23005991298215 18.940494290942144
5.587394552489824 -72.07516112192627 23.139821464097203 21.613551208299228
5.619978119334695 -72.07070195624435 24.64848835379668 22.598084204550098
5.718023111565403 -72.05727972772705 22.96105308068733 22.31575263564177
5.723200860573811 -72.05656160342208 18.97539372382316 17.711134729044083
5.642718074338651 -72.06761132168944 19.065160810573886 19.408079793930884
5.671447583609564 -72.06368090510935 nan nan
5.725953666495905 -72.0562004034533 25.1569245775711 23.123159598626422
5.5839539638311475 -72.0756528521673 21.39870264521351 20.437242532785895
5.668078852100527 -72.06415212387027 23.602429467907843 22.321244416157768
5.700009869351073 -72.05978075362896 24.720384957390653 22.3661830981435
5.58439083756111 -72.0756127596179 21.203133263386917 20.396713474582047
5.589109782345788 -72.07495842922737 21.933980549748412 21.460280462253102
5.597238360348646 -72.07385481594504 23.295998807277623 22.2478827581506
5.636554485093733 -72.06849460805836 25.67853385833532 18.837248562447062
5.637179022151565 -72.06839489088092 22.69385481199778 20.141245614445893
5.6939704233696204 -72.0606219924351 nan nan
5.7181776719933985 -72.05730315247926 24.828937045473335 21.812825455748328
5.722335432482481 -72.05673888569876 17.5879118743743 16.717771632117785
5.737239726040375 -72.05468190576468 22.828584361173522 22.86610707156334
5.740776041024693 -72.05419339529496 19.053853125404835 18.695269589060835
5.5797813938022305 -72.07625090339478 19.52133178936235 21.852282941418967
5.600475995899525 -72.07342323335145 22.269604896540887 23.211431725136222
5.679951628503327 -72.06255926130953 23.548608549149634 22.819601183526697
5.696841206010432 -72.06024810368054 22.95426902427243 19.61151222896845
5.598976626337066 -72.07365262785314 18.96521657515951 20.721420506467844
5.716960015148747 -72.05749767030429 22.121035207821144 21.198341612163265
5.605419500510988 -72.07279280901733 24.69559132508195 nan
5.6575927690024095 -72.06566203238975 20.789580243795164 20.958524815140123
5.688919566751419 -72.0613698884237 22.007983723439207 24.11439035405785
5.735606401342041 -72.05495376252259 21.435128742107597 20.58133067436145
5.740544904572883 -72.05428874173413 19.377916101037712 18.74608444339347
5.592216519650192 -72.0746045133441 nan nan
5.601775422064379 -72.07329345253824 23.932105801757473 23.452865002012167
5.655313341996344 -72.06598805284501 23.587634609407 22.702952683220587
5.660340363222664 -72.0652951988889 23.710763485730315 20.080732547118256
5.722131787564002 -72.05683348351798 22.490621343201923 19.288853825281024
5.740534754056894 -72.0542863810381 19.377916101037712 18.74608444339347
5.598729520215715 -72.0737538040417 23.84663063773583 20.7692878809873
5.65463605541455 -72.06610032040165 17.31234559914985 18.976994303438655
