hst_f814w_psf_stmag.ecsv
# %ECSV 1.0
# ---
# datatype:
# - {name: x, datatype: float64}
# - {name: y, datatype: float64}
# - {name: flux, datatype: float64}
# - {name: mag, datatype: float64}
# - {name: ra, datatype: float64}
# - {name: dec, datatype: float64}
# schema: astropy-2.0
x y flux mag ra dec
[from data line 3541]
1742.6885999600481 728.1429030156477 1481.4437692346282 18.014407436846636 5.59389824393652 -72.05713914694466
1847.846451337912 728.070416908897 745.0878851809683 18.760601611151348 5.597312037335286 -72.05612571664763
2928.4884958596745 727.6062148545035 227.20622517910488 20.05006980029008 5.632380651677376 -72.04571067719468
2215.5072283904215 728.9892664701068 783.9218074622709 18.70543850117179 5.609281313043771 -72.05259374653158
3346.3587520926753 729.255636243807 325.46977657124734 19.6598437017108 5.6459878556684195 -72.04169991941112
3352.511405570247 729.0240910990759 23.914324181258653 22.494475085618767 5.646180164340342 -72.0416383003315
1582.2526214658908 730.5584319591605 -0.5793701475381703 nan 5.588761260485261 -72.05870826045012
2699.809067564359 730.6521286839721 916.8398353956628 18.535386679882393 5.625055056967857 -72.04794466064874
3641.26252649676 729.7689359671296 26.66812285230056 22.376139248352988 5.655566992669431 -72.03886232888846
4378.45315103268 730.3828777944457 -0.22303064214590682 nan 5.679478876764869 -72.03176027327095
2093.998939089195 730.9824240936501 -0.9355090538013482 nan 5.605397887355058 -72.05378409201292
2588.9806699190676 730.8502591428535 -2.4372487530251017 nan 5.621464155066275 -72.04901446592963
57.13497826206985 732.263828017761 19.27291886583535 22.728751633328713 5.539220821633137 -72.07340470847386
223.16839589523363 732.363459057436 29111.950232419516 14.780942115815018 5.544626816374642 -72.07180823194248
1697.6783471200613 732.4557689255506 45.03333589783651 21.807285068584747 5.592570786976519 -72.05761575715988
1934.5891846415939 731.4699487449573 171.08615277140183 20.35808321517408 5.600235868223031 -72.05532433020755
2291.6695748446405 731.5727296312235 123.08420335311419 20.71561456846358 5.611835034454003 -72.05188593757453
2706.4081210529966 731.0863344408402 922.198206335246 18.52905968320357 5.625282799324135 -72.04788542060295
3095.6441896827537 732.6317087313467 -1.3146910682381312 nan 5.637960963040615 -72.04415007681028
3284.803965888393 731.5300697062628 45.71874833141983 21.790884536282043 5.644062500131419 -72.04231596190934
104.17462621984106 732.670833495862 60.404871734505306 21.488440449994048 5.5407643516107905 -72.07295621304992
512.5132507154551 733.5471456095689 1.4636610299510684 25.527519091486546 5.55407713971405 -72.06903582571434
1384.5222394635393 732.6557877086949 -0.6839488164310021 nan 5.582401457840272 -72.0606331334237
2743.4849726473158 733.1450314157765 1.8061796646126247 25.299217995316724 5.62655043807963 -72.0475487647991
2862.1261654348746 732.8669433180497 -1.5164180316685596 nan 5.630391783056117 -72.04640278152026
3946.6976800956963 733.3972501656971 799.6979889268362 18.683805356522697 5.665581936288837 -72.03595386616011
1683.8936774971712 734.1616923083537 175.71493571677215 20.32909867125781 5.592176268867805 -72.05776557426185
2110.634443457359 734.1779585442184 105.52605305841021 20.882721129344795 5.606038013208233 -72.05365583405258
3415.2316693098405 733.7538119961305 6424.05540882492 16.42159717075047 5.648362137697746 -72.04108104069779
4238.8727173125 733.6943672110222 -2.5542587279296494 nan 5.6750599394583015 -72.03313946923717
459.3280797704551 735.2883971144257 195.27558886950052 20.214500475844375 5.552401494046126 -72.06956507988126
856.0223376624044 735.4357220447854 33.462496967688246 22.129724504069845 5.56530796595838 -72.06574868225597
2404.073260872682 735.351296506666 37.45178611315277 22.00743903000042 5.615602501403932 -72.05084091917705
3396.257482584734 735.7225490147348 3748.179967219827 17.00656927823049 5.647808335774089 -72.04128362014934
3811.165363102515 734.667369205904 18.33208964281094 22.783090435540537 5.661228380058839 -72.03727331050345
225.38812314236696 735.9745981700413 1781.1046829082343 17.81439675241721 5.544811917663801 -72.0718230432872
236.40291604801973 735.9339243481016 1820.7520275994812 17.790493360521587 5.54516904411195 -72.07171665251275
776.1638978513613 736.5592374472062 914.3627967347929 18.538323997848003 5.562746240158269 -72.06652857586245
1994.9481683732154 735.8940914567888 671.881456899076 18.872888728014402 5.602334587330784 -72.05478726860177
2801.5782486319 736.3982715418091 404.97608974227 19.422546909364847 5.628537388183942 -72.0470215405726
3102.364442620027 736.2935526884163 15.665178763414627 22.953781978160393 5.63829344998 -72.04412193351989
3342.075542290495 736.0524671761444 317.95830187865477 19.68519494397141 5.646061418879573 -72.04180917113486
1259.1220482122262 737.545286707124 -2.465437623793792 nan 5.578478662761081 -72.06188940804796
2771.0208275931923 737.0047154008818 -0.8728556490428969 nan 5.627564706932026 -72.04732204942285
3728.273123657877 738.0098451072829 216000.75296822144 12.604982203461805 5.658645626966828 -72.03810589244746
3800.80895989149 737.4770401394743 11.536457171212508 23.285939220902236 5.660980489905007 -72.03740124817233
4359.7652041821875 737.2394740892312 -1.6770200741252053 nan 5.679087774742446 -72.03200903225573
3036.2581497476226 738.1934478807149 14.177858455736526 23.062093775493516 5.636208214027001 -72.04477801756191
3173.2122226801953 737.9106843047462 -1.1023423563606776 nan 5.6406422939641425 -72.04345530253468
1410.7731523650261 739.1326179580027 79.16833576503163 21.194741577354105 5.583457033534929 -72.06044521632165
4066.928142301988 738.8238833642878 18.93625972193398 22.747884862254843 5.669648325013779 -72.03484881609961
4378.054392491041 738.5743537133925 -0.30716766775015014 nan 5.679722047473821 -72.03184598830421
100.7953099753414 739.9893326312423 58.32666188005625 21.526452561583564 5.540883139417113 -72.07306203303902
522.9275421788848 739.5573817470138 100.83039084155298 20.932141739628097 5.554603766207739 -72.06899579355138
1251.721543683642 739.7924306261137 -1.82605767037129 nan 5.578308365885679 -72.06198315154091
1768.6881892875174 741.0799140285984 22.05881311019184 22.582165013130787 5.595147283903703 -72.05701824145193
1829.4053948437142 740.8690122123194 101.74985480585691 20.922285870740218 5.597113086563876 -72.056431398732
3236.955658970032 740.6604213633842 91.0992481657775 21.042333384187444 5.642795937351925 -72.04286844272104
3391.508406535319 742.2906949982009 7189.270447388972 16.299408312934773 5.647859650253427 -72.04139507493461
3416.415708620621 742.3554959719504 5757.455170546002 16.540543953448168 5.648669441636055 -72.04115563951925
254.6829543974501 741.4904720529665 21.604754637879104 22.604747020033123 5.545937513991424 -72.07159641564473
1233.0189702525101 742.0842628212857 72.57472040325881 21.289156937740596 5.577772103416141 -72.06218615174666
1321.2448025300775 741.4474354957399 -2.236714781143759 nan 5.580619761677427 -72.06133037349822
1908.6160915451233 741.7558100722783 2.0275967009223956 25.173666426377995 5.599713776663806 -72.0556774111561
1933.281160847308 742.0830245075055 46.3723657778157 21.775472234040762 5.600525147643267 -72.05544313437407
1754.549404262014 743.072959468096 937.3205252866189 18.51140004807575 5.59475027077541 -72.05717434747814
3151.186903765831 742.5073268111324 -0.1101664223228482 nan 5.6400715130373955 -72.04371354715488
4097.5384509742335 742.8071344326382 110.03288912809428 20.837314075275764 5.670764872790559 -72.03459346593701
4112.600378694967 742.732266754447 12.086249748406265 23.235391455670968 5.6712506482539204 -72.03444747765671
120.89233995225703 743.7384111953851 140.82912884012973 20.569389134230253 5.541654323132615 -72.07290622653933
1453.8653331921662 743.968572741895 1468.6786893982046 18.023803382964708 5.585008583403394 -72.06007871234823
3056.430834031683 744.2540314368489 10.40579432737206 23.397932271853243 5.63705213794249 -72.04464422437213
3399.6575737420276 744.5052955521211 4482.372377124315 16.812350533411795 5.648193170142261 -72.0413386697219
3412.686628697176 744.4589433559468 4519.670380559689 16.80335345896659 5.648614263778356 -72.04121261786699
3727.4718170968345 745.0309893130027 2960.656304849238 17.26265038076903 5.65883914645915 -72.03818381362383
95.6160744956384 745.8685807702377 36.73026021575017 22.02856035337467 5.540898366945011 -72.0731707539691
2626.5919710706066 746.1483328655412 371.52763449670476 19.516142560073195 5.623163162493778 -72.04880512590981
4362.561172166813 746.4206306986545 -1.7183431226726344 nan 5.679465392494513 -72.03207382840654
682.4364719661042 746.8018687653505 68.3420545181876 21.35440028981325 5.560018296408343 -72.06753323185453
2458.074831155129 746.9338693103697 -2.2047797375665263 nan 5.617717669317533 -72.05043655544264
2820.3869817132877 746.9055724740728 1990.741673120203 17.693583096585026 5.629476218989176 -72.04694540169436
2825.611725870746 746.9043706704541 34833.31779918581 14.586133261042423 5.62964572669817 -72.04689504418813
2831.577940035914 747.0049625801873 2085.9000406857012 17.64288663472925 5.6298424765362975 -72.04683855990147
3779.2469341319197 747.5430167539141 56.49413725537613 21.561111914309283 5.660596182492861 -72.03770976522912
3411.6295793778163 745.6623647857579 4504.092424440557 16.807102131914256 5.648617604552652 -72.0412348404141
4380.261779600677 747.927039551594 33.94774651361358 22.114092989524327 5.680085957860264 -72.03191817403922
4398.315734049032 748.2132041388311 9.04747780588948 23.549801550104593 5.680679811303584 -72.03174691440348
2381.4672595823745 748.8827063667476 -1.7194486870161654 nan 5.615291601040789 -72.05119407493159
2829.4218896762213 748.7520769878115 2024.6994824113456 17.675218936571824 5.629827129700864 -72.04687681100712
3892.1020922080274 748.7184490565569 1161.6374783408446 18.2784438277048 5.664291281827488 -72.03663343119565
373.68672608923845 752.1385851151939 2587.7242940506153 17.408825358464572 5.550142149945244 -72.07055795739747
1607.6343687853678 750.2323892500308 -2.9659054234468445 nan 5.590200961250533 -72.05866076580696
1794.907356377808 750.4759860194192 2.2373224706751706 25.066798904875917 5.596292749707178 -72.05685977642274
2072.043486852929 749.6569143165402 -0.5591615615869692 nan 5.605268645850221 -72.0541824290211
2702.809980037754 750.4853294207542 8.225930429134298 23.653157785819875 5.625772457699652 -72.04811413999703
3006.439146855685 750.0637853973575 1756.3165451238208 17.82961338477996 5.635611859330309 -72.04518410458866
3008.0441563543577 749.9750771375652 1703.131604459045 17.862999845966726 5.635661159470223 -72.04516774992919
3017.644587950707 750.0459582313441 1814.4040667890927 17.794285339575637 5.635974852271475 -72.04507593938511
3389.2290657923927 750.3761841509477 190.26191284196665 20.24274071938911 5.648038497942771 -72.04149789655243
3419.7491772882026 750.392439257203 1994.3966437898944 17.69159152952737 5.649028799764241 -72.04120387204026
3722.8097910457464 750.2501896559504 3943.1623569314334 16.951508718143273 5.658851169050129 -72.03828093982112
124.07987489271314 751.4579453563556 133.1566091919339 20.630213547674963 5.541999347131958 -72.07295288066513
364.27743761251077 751.8860810674325 2711.9758372649712 17.357905826660563 5.5498281426019185 -72.07064597170265
444.66487674946603 750.4731337595331 31.364320674061027 22.200030652404024 5.55239914200958 -72.06985825813524
1056.068849679935 751.3792376057622 -2.9192938037592397 nan 5.572310533749904 -72.0639826886867
3391.8598190684997 750.8568120256249 3718.2199094675357 17.015282686170828 5.648138842315011 -72.04147734463356
3416.1904943587606 750.6315717658499 3771.555219173735 16.999819189707647 5.648920866046993 -72.04124056604759
2881.3829638902894 752.2954755716316 76.26055549804961 21.235370455064274 5.631624005644021 -72.04641154758134
3657.490057960177 751.780684644726 25.965166421612505 22.40514258988237 5.656781269033321 -72.03892596706886
4325.048878605209 752.1930855962308 -1.232141726095739 nan 5.67843048888404 -72.03249329636449
89.04069602057082 753.1448566407394 26.012681928504005 22.403157539630094 5.540911828825086 -72.07330690103568
224.1254219190328 753.2453625609683 137.16144628418115 20.598040226573083 5.545310680902583 -72.07200817641119
349.6332371763961 752.9925428692768 4.596530258463933 24.28504505772993 5.549386299877286 -72.07079796967075
2876.2569027741806 753.0451336038801 76.1575118287682 21.23683849965265 5.63148110787776 -72.04646844204153
2911.7544704286333 752.993285331158 -1.656439090023092 nan 5.632631314279881 -72.04612585519727
3391.042192864576 751.9707450046375 4182.131236628983 16.88762622367834 5.648147149758439 -72.04149636453734
3455.4414240422598 752.5495111376638 1028.8156757521658 18.410276434060457 5.65025372570071 -72.04088139268158
3853.939120154055 752.8202280796295 5.839371993025287 24.025205009788404 5.663182458953742 -72.03704239043937
4026.569553665913 752.5752440977695 415.87497109182596 19.393713406949008 5.668770241588068 -72.03537543606546
409.6588194850267 754.5574875496875 290.08051557956526 19.784823969537733 5.551388021782816 -72.07023602791764
1368.2546105846488 754.0109915185643 -2.443630038387107 nan 5.582540325214466 -72.06100352600902
2504.2401918307314 754.3669093400325 33.87275737424881 22.11649398780905 5.619448653222015 -72.05006615326865
3186.047646226538 754.0578034345069 8.123756667000734 23.66672810019019 5.641563444194254 -72.04349307727352
3395.0984400652223 754.2339029828098 4285.664865631571 16.86107484948556 5.648349450643834 -72.04147989645243
3412.877795303266 753.3158525598353 4130.527566305311 16.901106553915866 5.648897350434035 -72.04129933886436
3733.421279793031 753.5782084977911 4253.275354342163 16.869311617237855 5.65929923625304 -72.03821190848784
3742.6886305754015 753.6283814399657 4306.099986030677 16.855910091770003 5.659601248980889 -72.03812306419351
4307.546145583094 753.6831638268986 -2.9146521184870444 nan 5.677909982221471 -72.03267698624998
4356.055260996663 754.3212219268808 -1.2381801852882488 nan 5.679501609075357 -72.0322155352936
468.193221178059 755.2018091701149 101.14886608172034 20.928717819861316 5.553312337021315 -72.0696791960439
783.2228939882598 755.272052241904 51.99249164186598 21.65126878948415 5.5635607336581545 -72.06664800642666
1683.7306681623486 754.872481491173 -0.4817949597869925 nan 5.592818390444058 -72.05797442567867
231.46023382235933 755.9484250077277 206.23409351663824 20.155219210864615 5.545633834139677 -72.07196467451944
933.9607149431419 756.2709912084437 294.8931516372603 19.766958648766977 5.568493455867333 -72.06520709462859
1466.9654904407337 755.6875657262725 2000.2672731382054 17.688400292642612 5.585800624560887 -72.06006987726525
1580.0858359303538 756.502703651661 -3.39344853918631 nan 5.589501868083717 -72.05898879934745
1659.0884317464913 756.2242907943951 -0.7506005564395688 nan 5.592060039996338 -72.05822525504163
3355.0323938008382 756.159778016132 15.001791045080465 23.000762586103857 5.64711024165688 -72.04188535047403
3390.7982006180478 756.1567822547165 48.93804344409178 21.71700386078307 5.648270102373214 -72.04154057457757
3566.5791175397676 756.3355910528068 1913.7005877986117 17.736435390507502 5.653975981912123 -72.03984791337433
78.51679925813531 757.2735120383693 17.41727753464392 22.83866968582859 5.540698405242035 -72.07344950903928
650.4655453724176 757.0803045818582 137.45528860137415 20.595716731144766 5.559299792042428 -72.06794385592661
3880.494185666082 756.988640616974 21.982980793035452 22.585903915037154 5.664173566398976 -72.03682802782609
4380.043704448969 757.6846042502253 21.64070818614833 22.602941694087225 5.680383948968054 -72.03201779774
127.62406866439368 757.8625242641933 104.6108753669319 20.892178275627295 5.542314875760708 -72.07298293147
344.5080921668692 757.843125620604 753.6418541097445 18.74820784279537 5.549371180554406 -72.07089586707438
1075.6986193560203 758.4093024656497 -2.0462340679407425 nan 5.57316844767903 -72.06386410397543
2737.015109970071 758.2491499577767 0.9121625276575935 26.040939798374772 5.6271252578433995 -72.04786221920314
