hst_f814w_psf_stmag.ecsv
# %ECSV 1.0
# ---
# datatype:
# - {name: x, datatype: float64}
# - {name: y, datatype: float64}
# - {name: flux, datatype: float64}
# - {name: mag, datatype: float64}
# - {name: ra, datatype: float64}
# - {name: dec, datatype: float64}
# schema: astropy-2.0
x y flux mag ra dec
[from data line 14856]
3427.548013103452 2953.07263773057 1204.4842487359233 18.239117553614967 5.718224379901164 -72.06314181852778
3927.040091785617 2953.068432859474 3094.8126900530747 17.214534443714918 5.734419927073894 -72.0583206639273
561.3319681787103 2955.9201023999194 824.6610065092923 18.650431716788237 5.625215618215595 -72.09080912902301
1630.8037610960876 2954.425987469775 1.7947430214242552 25.30611468286313 5.65993895468134 -72.08048647598098
2597.185330518168 2954.016317250927 30.270723819023086 22.23856335186486 5.691311385284999 -72.07116296412748
3726.2132963565587 2954.552080287694 58.713490905269445 21.51927560910986 5.727955764742177 -72.06027402816878
3216.9871934540183 2955.5435054418267 921.0245510261087 18.530442348677035 5.711471998391164 -72.06519843833648
1907.7081094712048 2955.9096171519936 3.3237769571283855 24.637040684540697 5.668981719977815 -72.07783146047785
2456.963721988874 2955.9895586729012 20.213095985805897 22.677038270336283 5.686821184609299 -72.0725352393407
2747.777712154298 2955.659519864335 -2.297016376648052 nan 5.696250837691479 -72.06972667383071
2992.722407261084 2956.240587275555 3.56769757148043 24.56015028428347 5.704217880121579 -72.06736932548246
3642.8424361458397 2955.439627345594 1216.4255128986201 18.22840656538567 5.725280356513522 -72.06108759417147
3772.074588237843 2956.586017837483 26.311136919116546 22.39077132966608 5.729506411329972 -72.0598516673678
4111.2604359129955 2956.2761094139546 6.706863973132308 23.874821620713735 5.740491537217275 -72.05657425287967
1078.331960603513 2957.249777984682 3.6410849196979505 24.538043346309475 5.642070569417857 -72.0858402810352
2074.3312643737413 2956.771584965332 4.000925857743061 24.435719107612012 5.674420858859736 -72.07623333455619
2132.022944966594 2956.8894814954056 2858.693565538374 17.30070135581643 5.67629823265566 -72.07567815883033
2154.016790326458 2956.802802006809 23.81818965543028 22.49884849351027 5.677009791245396 -72.07546518842634
3211.713630819907 2956.954357787021 1808.1517236521322 17.798033191888603 5.711345135501525 -72.06526341938945
3984.5569365498473 2957.219564877515 40.27616656160947 21.928500045649486 5.736414414941504 -72.05780687406565
4014.521513493045 2956.681690205747 6.574633159375874 23.8964415517077 5.737368813967314 -72.05751223174376
4369.0878090860215 2956.9639266026247 11.424028253210563 23.296572194909654 5.748868067251239 -72.05409177800519
769.4815173283698 2957.4463500920974 98.78502664508422 20.954392562854252 5.632033732169883 -72.08881870505272
1513.3292570969481 2957.8821735261527 101.31836846711788 20.92689989687714 5.656229869219869 -72.08165356798388
1986.6314197209217 2958.285993897512 131.11391952110702 20.646998365199636 5.671619828851967 -72.07709417792147
2530.630645431635 2958.2703713849282 21.2962458182438 22.620362738338333 5.689284197772962 -72.07184746395491
3428.930660905866 2958.1827664393863 51.81339557381302 21.65501522975587 5.718429357329147 -72.06317951623974
3624.078095675458 2958.76755740253 2692.9542647288945 17.36554792187662 5.724776195347415 -72.06130194074468
4431.8873333688225 2957.7654540799135 -0.3958582204661653 nan 5.75092788380507 -72.05349339152775
181.51789121145225 2959.2799513356304 1.5012853516626858 25.499962248362646 5.612963244512341 -72.09450195750787
1275.6536073888276 2958.7060249464894 172.38061518727235 20.34989930047798 5.648530886247356 -72.0839529419544
1390.5641654552987 2958.889107776214 3.5929323933825414 24.55249775278328 5.6522716187734 -72.08284710009033
3182.623062646872 2959.2254020754067 77.38615573501141 21.21946218363803 5.710472589216378 -72.0655668145366
429.93988377343743 2959.6419264414462 539.3422777289222 19.111459203894075 5.621057808502303 -72.09211231016579
560.1508101481577 2960.38994703907 31.220730904962004 22.205012701010148 5.625317250446884 -72.09086522230741
2087.531305232375 2960.396763215295 2132.835916924234 17.618726752060343 5.674963168264496 -72.07614227494157
2595.4453506778523 2959.7225369921175 32.625381705289655 22.15723136250467 5.691433712743306 -72.07123676816506
3346.9588566609227 2959.888256456586 1.5538215225409133 25.462617534362646 5.715824122670937 -72.0639876207736
245.1150427532597 2961.1139506379855 123.66828419556975 20.710474527867717 5.615090249454802 -72.09390765052473
967.0839999654844 2961.162315438439 33.61646358897532 22.124740305530146 5.638576047726224 -72.08695159024828
1125.5532153996924 2961.5441281346193 916.3521786118973 18.53596432437798 5.643740354111154 -72.08542809865176
1503.0143614476253 2961.5363472810104 510.5824821315124 19.170955590509106 5.656009161789811 -72.08178954272151
1797.8647519948531 2961.9383365262825 1248.1834283891221 18.200424335328826 5.66560226565003 -72.07895086179133
1952.1472460668128 2961.3578147003764 -0.16746750354378276 nan 5.670595970024383 -72.07745740968548
4185.39067144913 2960.954499249233 0.2178820430396017 27.595566768871883 5.743040589661546 -72.05590526719773
858.7386755769005 2961.9998962499244 -0.7414619649101685 nan 5.635079149122407 -72.08800411025757
1584.3523614887113 2962.2940176693132 -0.6986528987856563 nan 5.658676094150185 -72.08101297202263
3411.59193974272 2962.238984387015 29.467076031035983 22.26777775699867 5.717994119898405 -72.06338736137216
4202.744776249813 2962.2614261633726 179.54561048742048 20.305683386156975 5.743643938005724 -72.05575076456965
497.09189103308233 2963.189154804616 95.57426677786009 20.990267928909898 5.623353606432373 -72.09150080271206
618.8332137679563 2962.8689568219665 -0.4318631148338095 nan 5.627303786758787 -72.09032458961444
1600.798945173399 2962.4525730839837 68.01885432057637 21.359547084683307 5.659215489784832 -72.080855998156
3034.485495746469 2962.478019329793 175.69644428527153 20.32921293515374 5.705768413013671 -72.06702868895704
3291.4774888937754 2962.605601905797 39.76062944366423 21.942487238618085 5.7141096600244055 -72.06455016713299
3746.9204635690417 2963.5156835901207 6.717465595164775 23.873106739206364 5.72890803246677 -72.06016367090861
4247.917974125613 2963.116102019062 -0.06275502321017237 nan 5.745134596000429 -72.0553231493749
4353.478225682343 2963.5726485207297 12.30164858673693 23.21621207453361 5.748569400989544 -72.0543084774777
385.77935087561343 2963.824088345198 55.017242855340534 21.589873310464736 5.619752094185095 -72.09257961058346
4417.494833680627 2963.8383914072183 2878.9654111708296 17.29302924828506 5.750651893501259 -72.05369299313644
4438.913687309646 2963.436075393581 361.7262851367664 19.54517019548859 5.751333234572764 -72.05348215381551
231.32377742943976 2964.4991210336966 290.9730650510217 19.781488394058293 5.614747541554438 -72.094074377151
686.2715268563718 2964.709915911446 1.2029651208333354 25.740487777556755 5.629555005355135 -72.08969318319048
2114.5331384581923 2965.322530223714 179.3817675842137 20.30667461834002 5.675994472096852 -72.07593111376832
2356.362875668777 2965.4747837115733 2027.8798110248247 17.673514837341425 5.6838521811275875 -72.0736003487698
2618.784591968697 2965.3187354628935 6.368988507495552 23.930944203107742 5.692366676978538 -72.07106755026533
3263.7249711251097 2965.301008450826 3.8119178478751925 24.488261535125407 5.71329389475983 -72.06484490158547
1506.2394871129425 2966.4470430470665 89.59023495014782 21.060468677348812 5.656267845940958 -72.0818075494321
2131.055036601448 2966.3086632050163 810.3946705071535 18.669378925519247 5.676561951618248 -72.07578163744975
3594.5521532247694 2965.5508157278296 14.219758887103708 23.05888978497594 5.724031337057683 -72.06165466290537
3737.7384236262315 2965.9450616007957 142.9465069387581 20.553186497815503 5.7286864615630515 -72.06027656115745
4405.657178191396 2965.836450421187 19.02016446457201 22.743084696424074 5.750330974327212 -72.05382724476958
4429.496081005238 2966.2884242868686 190.61748002893714 20.240713556526053 5.751117502952825 -72.05360156663164
193.6105072915011 2967.359339945224 8.85593916539058 23.57303380477737 5.6136099170448786 -72.09446630094467
1124.1770742404478 2967.7612095453073 20.862894434048794 22.642683964820186 5.643890422305761 -72.08550353430847
1339.1756997307111 2967.0255121349833 -2.0537466933173145 nan 5.650856318252778 -72.08342382107475
2560.6613372987767 2967.204318654141 6.34286490137851 23.93540671285775 5.690539022733344 -72.07164706332607
3630.3227189594973 2966.8375101910606 2611.507443451742 17.398892196112186 5.725231572743034 -72.06132226487851
3632.5794535249133 2966.8101734341585 2528.5889188603533 17.43392479022076 5.725303892639044 -72.0613002101871
3638.8679507337397 2966.9007385132336 2698.3860692162725 17.36336015096279 5.725510639717227 -72.06124041886027
3882.806352747881 2967.1682027129787 107.6515504735681 20.86106964311976 5.7334278683613284 -72.05888846180945
765.1450766085344 2968.1240652181505 77.86894246989124 21.212709674601214 5.632227271876356 -72.08896729177125
1137.156973077413 2967.5425765710916 744.1643596145362 18.761948200052636 5.644305552812136 -72.0853762426841
1849.1953760071926 2968.520040619361 37.42884973313321 22.0081041648164 5.667476078186368 -72.07852172046374
2351.8788904572716 2968.590642728353 2092.933025627926 17.639232038593082 5.683804228535545 -72.07367473592156
3173.738957844876 2968.3988307888076 2537.6866985876823 17.430025357897495 5.710471843164685 -72.06574417887026
3580.99068500938 2968.0420348760954 48.44547526960577 21.727987314003528 5.723669642726741 -72.0618104337593
3803.08155860469 2968.0652425605767 75697.53374020496 13.743416040618737 5.730871403449479 -72.05966700280955
4385.415416060433 2968.20566637991 2.5945544099232576 24.90596340957951 5.749749386482107 -72.05404635070948
902.8137727486279 2969.2277634213133 16.748716717565436 22.88116652338402 5.636738896565207 -72.08765164658227
2211.2281066721257 2968.8483678803323 35.335654883995005 22.07058750465232 5.679245169649257 -72.07503383213547
2387.305066045885 2969.526993219791 44.61409517233568 21.817440142681377 5.684983803809642 -72.07334240537094
2980.0920007640602 2968.817920346568 5.534967297536875 24.083332718011597 5.704202181549505 -72.0676168422165
3029.3977861056687 2968.658251047846 171.80535049012505 20.353528654100103 5.705797003801192 -72.06713952047043
3090.946632193913 2968.7471580194874 201.38834888270918 20.181034512968395 5.707796751213412 -72.06654653662144
3128.6644345913705 2968.753416302044 16.239152581557423 22.91471196011937 5.709020643758681 -72.06618265781246
3484.6637673810683 2968.8595174073193 1.4673493895936658 25.52478652684791 5.720571456524069 -72.06274828169109
3636.417069441912 2966.594709487906 2622.175670951806 17.394465907157922 5.725421578180146 -72.06126101814854
4367.953260007274 2968.8441014352957 35.80632951062837 22.056220856224634 5.749203607500823 -72.05422133663696
3435.474837425002 2971.789327990602 120399.71088955416 13.239556755992034 5.719067990566592 -72.06325226467145
4460.600049653852 2969.726156579703 2.2402166446641205 25.065395316949896 5.752232954601506 -72.0533355380441
204.27914195875653 2971.398576330496 8.696989787045343 23.592697965972402 5.6140836568573595 -72.0944039386283
1272.7545878640144 2972.743788878998 350.59678029834487 19.57910055757605 5.648876517456531 -72.08412125524468
2467.043976985348 2971.0501697889426 43.62663755263478 21.8417410117116 5.687620379886373 -72.07258851397768
2664.876583849857 2971.435987102637 5.310527003384701 24.128276312380923 5.694054480979877 -72.07068404733553
3908.8898603454177 2970.6311679897126 27.22809021263769 22.353577414050186 5.7343819370310385 -72.05867125053467
4406.303378920625 2970.233916680595 325.6437218255807 19.659263591898196 5.750489719738712 -72.05386490541113
466.1722385992806 2972.418266034103 6091.81127363045 16.47925426546292 5.622636898558549 -72.09189103335001
703.8602662360117 2972.4293979733347 1041.9377416386424 18.396515942250957 5.63036896162048 -72.08960091078728
2833.1702729254794 2971.8605368357853 108.92201252306553 20.84833122345551 5.699529867489555 -72.06906473773864
737.7884606595392 2972.6869267043735 7.362823641871657 23.773509370777102 5.631480519651519 -72.08927654790098
1926.4165190871922 2973.183152107503 4.46656420613435 24.316186412964168 5.67013070885153 -72.07782372983921
2270.042752604865 2972.8823689332844 781.7587674396752 18.70843846476163 5.681281456550253 -72.07450691795181
3477.0267668433025 2973.5550794359397 479.8725933549837 19.238305498499567 5.7204709273992975 -72.06286888569613
3867.8247515315793 2973.406084538044 693.5337294183753 18.838451397512976 5.733137681049676 -72.05909537252505
4436.105571231801 2972.9032321667946 20.003803027396906 22.688338942409555 5.751538939402252 -72.05360377959336
1583.435760403054 2973.926275083699 26.438626604045645 22.385523137942208 5.659010804689064 -72.0811381055282
2111.0101282777237 2973.548956662612 169.15298885229285 20.370421176251657 5.67613783459999 -72.07604731188542
2674.1347656846197 2974.034131799169 372.8920403128233 19.512162583451165 5.694436402651381 -72.07062069727804
3242.008387518972 2973.98470381551 76.83968445143968 21.22715643435265 5.712861558729012 -72.06514120522868
4276.006380388064 2973.6150240478405 85.96190023318105 21.10535534808412 5.746373804941034 -72.05515676845272
590.5261224701761 2974.788707623568 141.51224162907087 20.564135339982048 5.626756498879396 -72.09071657567696
3357.9601793668585 2975.2930023724557 808.453656699737 18.671982541854547 5.716663691934321 -72.06403532563691
3532.833190366998 2974.8458688575906 652.5342334663758 18.904612114398656 5.722321187352308 -72.06234317808382
4445.221192743838 2975.5058969556876 45.13053448568482 21.80494417380483 5.751915835939614 -72.05354173908682
2356.9011906203236 2976.0539862762657 1983.6480736972298 17.697458803993964 5.684201168668828 -72.0737008825561
2356.0552714293735 2976.033003533992 1983.6480736972298 17.697458803993964 5.684173045063219 -72.07370883178599
2365.69000645801 2976.0768223234827 2062.7563635506103 17.65500052722828 5.684487246249925 -72.07361634205176
3089.2936656506668 2975.982326964405 123.68906572563414 20.710292093348254 5.7079698494826685 -72.06663476482643
3625.4457836170486 2975.704836212782 2598.2561191935024 17.404415469236824 5.725351312512295 -72.06145789553325
4115.810633878045 2976.2246047960953 6.466975546725579 23.9143673192382 5.741264149480307 -72.05672950168113
4122.427633469682 2976.189681453304 42.97983078866272 21.857958612809828 5.741477508124466 -72.0566652690025
711.740120093364 2978.500214451526 528.2591735630002 19.134002747182215 5.630815474610122 -72.08958570151356
938.8110886476364 2977.1285429638438 -1.7193221979542908 nan 5.638157003117059 -72.08738374763377
1271.6655573540681 2977.4008842101166 18633.900059046584 15.265360961503319 5.648987046763026 -72.0841783205999
1711.5571960470613 2976.588954578508 15.77274041046521 22.946352476895267 5.66325727625625 -72.07992947918055
1719.5988452000793 2977.1293177273815 590.248255931169 19.013533584927572 5.66353548666282 -72.0798573469313
1908.4510266949617 2977.567509237103 187.81898580710774 20.256771638430614 5.669684508232985 -72.07804079122992
2949.905768743804 2976.467018890487 1885.0458214987916 17.752815587531217 5.703462385195883 -72.06798450692449
4417.195292624852 2976.7455393292375 113.48875244720486 20.80373831129331 5.751046676513767 -72.05382473804612
315.3464444704253 2977.63569608552 -0.9780359103352014 nan 5.617893200147005 -72.09339634807174
411.1937221025374 2977.5170367265537 -0.5379517358201928 nan 5.621008002342 -72.0924717405537
785.691016007173 2977.615836199033 0.3763942960241207 27.002012782682563 5.633192890506648 -72.08886423726472
4257.667121157246 2978.128863896631 233.88402259403523 20.018618979413638 5.74592098780405 -72.05537890502188
1834.0336352094725 2979.5737831236993 236.21864123059754 20.00783494855468 5.667329902445805 -72.07877841153703
2974.8608892860234 2978.481744120448 9.141386309438317 23.538590210291318 5.704335275592978 -72.06776386037751
