hst_combined_catalog.ecsv
# %ECSV 1.0
# ---
# datatype:
# - {name: ra, datatype: float64}
# - {name: dec, datatype: float64}
# - {name: mag_f606w, datatype: float64}
# - {name: mag_f814w, datatype: float64}
# schema: astropy-2.0
ra dec mag_f606w mag_f814w
[from data line 12324]
5.670682659409564 -72.08664099114124 26.18755328408325 22.818937062854744
5.71767670418222 -72.08020851407645 19.02241334007652 21.86592011039062
5.722176039186399 -72.07959313993405 23.80546561788296 20.697496374567987
5.749523545375022 -72.07583396484267 24.28103534801712 21.983003712941507
5.7724219745932865 -72.07268455886775 23.55327484419532 21.911847834663902
5.7741407662344475 -72.07245945582369 18.336233364070907 18.06114024362446
5.636616590435327 -72.09132057699885 nan 19.38237164234111
5.64299315709546 -72.09045504608753 21.31876306314745 20.61361870563122
5.6698292611136845 -72.08677622949595 23.06322800507842 23.272762583782644
5.682135480675405 -72.08509987569498 26.131990291510487 22.376618083489927
5.7067643270272255 -72.08171884396938 19.262764075613507 21.668471103234975
5.719031778689627 -72.08003460327024 20.5884457247616 19.967742914607744
5.619520057477503 -72.09366705227103 nan nan
5.634331313916839 -72.09164386503952 23.025306618836012 19.592731607278985
5.695537677921891 -72.0832721326148 24.533748023133054 19.163269326329228
5.722572508418054 -72.07956859959053 22.278928681341313 20.55392806684923
5.723012136323728 -72.07951517816029 21.45264498010984 20.794594175976563
5.729293987664522 -72.07865684882249 23.17569019103162 21.898550859660972
5.735609947405984 -72.07780173509103 22.282135417456402 22.58555410095625
5.738281984912777 -72.07742922503022 22.55514216925783 17.631139168926836
5.748944310024427 -72.07596195466621 21.46011373431697 20.65935676434129
5.6607717960572295 -72.08806956393632 23.981884232608447 22.259463591132207
5.672098736830939 -72.08651589142879 26.24148836918357 nan
5.673498914987948 -72.08632003537012 23.594038580040422 25.15703041115556
5.692919740116682 -72.08367049981548 24.642380197119973 24.00989562505649
5.709374470278145 -72.08141603882098 24.985536157282198 21.928127233439767
5.730452629371243 -72.07852107323602 23.12295745543933 23.84810882301643
5.7647914099995345 -72.07379569158067 24.05475787655502 23.502057170032284
5.62897929561018 -72.09241687111565 21.78398478646831 20.609035683215932
5.695980646823361 -72.08325544726243 21.278683543213276 22.209880853397184
5.774575399161151 -72.07248013706308 22.12506076482878 21.408918146508455
5.642657985024962 -72.09057317647296 20.419643320464104 20.332074238006648
5.653121597294852 -72.08913334462791 24.886771734309114 21.83592728616456
5.710322763961575 -72.08130588223729 20.03514283241979 15.538815909745795
5.717344384531904 -72.08034758267631 23.435764182170722 18.164838277371615
5.727539874112596 -72.07895382992552 24.654074878813354 23.452470728370766
5.7402234651727575 -72.0772143058898 26.619286477526195 22.8701294189223
5.723284923115839 -72.07955095622344 23.835839454185255 20.793247500091983
5.724045822747064 -72.07944425846829 20.807780845252253 21.715213172406088
5.734675307106216 -72.0779932151192 19.495725816959 17.168948186239774
5.620810508631947 -72.09358126223877 nan 22.9030795562938
5.636752051734358 -72.09140149582248 24.862518788234876 22.42952311662664
5.676885768212713 -72.08591601108807 20.863231301956393 20.278204058062947
5.716895141227685 -72.08045003415583 22.65793913087642 18.528617642829886
5.737191520614415 -72.07765234356367 17.867402543614286 17.068610612093373
5.640632535557324 -72.09090524428082 23.371831516172158 17.357378390629442
5.710677316105592 -72.08129857278091 23.238639875354174 19.659342281477247
5.711904765345432 -72.08114001984774 23.194341146189444 18.69462116254253
5.7631866898675 -72.07409459210162 24.121535422648808 21.227892968697656
5.640424293255234 -72.09093745861597 22.951470151295645 17.382596381437708
5.704553200730883 -72.08217614102558 17.79072552479907 12.362333042955646
5.712135089422439 -72.08112294216029 22.85253980657572 18.593146830605434
5.722590760192588 -72.0796932400028 22.21108205197556 20.0772844676706
5.7541578553265404 -72.07535861982623 22.846724711143548 21.75940273214382
5.660046847926284 -72.08827171579081 23.610978781106446 21.61774589744806
5.660257943425082 -72.08824286221987 24.07059137042341 22.68328198450775
5.733995428751227 -72.07814080280151 17.762870541726784 13.04838376070191
5.757396147688874 -72.07493531637667 19.414235374014353 18.815193251748553
5.767374493140308 -72.07355884826902 24.979124157336166 23.317489017732644
5.674533323306163 -72.08630007482051 17.693469312275678 22.381038343376296
5.704332731529976 -72.08222928634528 23.27051625187598 17.245865809048215
5.706713834721145 -72.08189008613684 20.41925158848848 22.575085150912805
5.7177675690583385 -72.08038387045964 22.02375022082447 20.861986693976426
5.732171728770644 -72.07841213280246 21.835749921426096 20.847434064599035
5.752109185752122 -72.07566507034309 26.093853107539424 23.278447239866694
5.673160356337226 -72.08651281717565 25.52513020562946 24.399000676039595
5.736267451888564 -72.07785077215189 23.131224650579302 18.344640272312436
5.747557328713585 -72.07631110496844 22.49541535752876 21.3841313449962
5.758111555795959 -72.07487091378714 22.71430796708024 19.859602964554437
5.768977266814019 -72.07336683694622 23.854770055277335 21.39383689149384
5.625238945743367 -72.09306657584872 25.051196893586873 19.621977012843963
5.628533762439027 -72.09262864179207 22.598658743824107 22.441089314112116
5.647021517988383 -72.09008643730623 23.5519555135469 17.75066985323568
5.685797585071013 -72.08479597263431 22.537625208559483 21.30069246723814
5.753278275669259 -72.07553794229433 23.383648383225232 17.743840932416344
5.7580211459120765 -72.07489046660476 20.116223222671376 19.480590815054875
5.774561552279547 -72.07260722021591 19.77683184947981 22.545120468642267
5.631798833897457 -72.09218298032059 20.371981697319974 19.884912954535377
5.69731255213859 -72.08323144701392 25.25775853673226 17.19736523900051
5.697598183163973 -72.08319553575885 24.013477396876745 18.293999887022977
5.7332906544098226 -72.07828875838501 17.892814486952286 21.149705990330936
5.744871154003989 -72.07669151841525 17.72634103473602 17.21473668839318
5.747010350962749 -72.0764171697356 21.467772856071065 20.804612058941835
5.625963334656279 -72.09299948901756 21.312773862435044 20.590531437487027
5.698662438058216 -72.08305687933601 17.654851602495192 18.011754949564978
5.628210048963813 -72.09270393627786 nan 22.48571937177126
5.658798679744832 -72.08852709909412 23.14208691520125 20.2222795628495
5.675897428959558 -72.08618396553732 20.91850573931838 21.781034196930293
5.712967524075891 -72.08110988946729 20.027236881347818 19.145679101133638
5.726432513840283 -72.0792637053547 18.035172464449026 17.539069320417127
5.64202077269259 -72.09083789497248 22.4462643937768 19.090326078292225
5.66156572202281 -72.08817259039365 23.647885539807593 20.494628127869838
5.683792458507618 -72.08512888776093 22.704134993941327 21.631880655948702
5.7235014803304685 -72.07969139809038 23.542500435433727 22.28274106234981
5.765564255150734 -72.07391047940013 22.797634980118502 20.756075659140762
5.640372138324908 -72.09107168194659 18.076414067409054 17.0119251768607
5.722610262272928 -72.07982884407772 21.083834717905553 17.59908080400284
5.724863922578519 -72.07951986102914 18.628860703821527 20.11455221386823
5.736053184605238 -72.07797716886493 21.451411922090774 21.05986969116566
5.748737734158856 -72.0762307169055 24.67287776869138 24.596322384265157
5.76569985324962 -72.07390989450273 18.971448627697825 20.680045547660164
5.721370860701207 -72.08001168225987 19.025920505713376 21.82183215700618
5.707030964191725 -72.08198203540843 22.179551820342798 15.962365800623228
5.687708919497421 -72.08464343604228 23.015536426914643 22.699897107087224
5.75578783447346 -72.0753201373003 25.408782263442948 21.61735089714997
5.613432643873392 -72.09482205946675 21.681875508396402 20.78411585357096
5.642888269501972 -72.09079931379095 24.569514972160754 21.280795842430226
5.713988685581816 -72.0810596484168 26.60960508334731 25.455842312251892
5.71606544280725 -72.08078953576242 24.60108197314254 20.007551093081247
5.716714690328511 -72.08069646742882 23.26765466434943 19.926684350765235
5.732998340676154 -72.07845801284614 21.996920756142014 20.895904914571226
5.738539249794843 -72.0776987878033 23.841712932272976 22.658523261256786
5.741466832780574 -72.07729238517454 23.739950762790873 22.282259468391537
5.774725300420896 -72.07271990576375 22.82498386211128 21.141953283333294
5.7114343946931365 -72.08142266223437 24.425177303113667 24.015651365882302
5.730205762193519 -72.07885857644143 19.94063819861696 18.75984181185454
5.746031059160225 -72.07668777092098 23.370744296745727 22.193197724398942
5.749193934611425 -72.07624420216695 24.27101753525196 23.180928639747755
5.649460191617435 -72.08993150999223 25.434934166656134 24.987559396341943
5.732256035205777 -72.07858730276311 20.223413383539242 22.076714155670146
5.732423602802684 -72.07856564269684 22.145061152808232 21.10373275821518
5.750872905074071 -72.0760363265059 25.015970570666777 21.5708668999155
5.762515566376512 -72.07443303998426 25.689653001358533 17.825428244207522
5.636579255546072 -72.09170709557577 23.22899625830167 22.32257339921824
5.6465768443620705 -72.0903406188656 nan nan
5.6792921173644215 -72.08585880500402 24.36139696599293 20.80340587771105
5.699021254700067 -72.08316159891041 21.27860024850264 17.951229887528395
5.706180321429706 -72.08218322803923 22.502729711917972 20.336167054064944
5.760218496775908 -72.07476164996172 16.938015103153447 20.221240265677846
5.7606074242630925 -72.0747081202957 23.26834781671478 20.598287776832848
5.7760391823788675 -72.0725840496203 18.11621108760427 17.690346327617277
5.6263211205902595 -72.09312140386878 20.90980045068517 20.532036906427418
5.66583756874952 -72.08772857843908 nan nan
5.67782766314473 -72.08608453571776 23.82709474280247 22.817147099779316
5.7246813640634295 -72.07966236013569 18.063362041757138 22.023730495805186
5.758820034429886 -72.07497701394784 19.694429577075383 20.7532968011748
5.620845466484864 -72.0938846716813 23.0777268728423 21.495957445343716
5.675734433744907 -72.08638138033047 21.314176745474313 20.574969648063618
5.689714425014187 -72.08447477012442 24.023947771163904 22.813367404348387
5.70318530619931 -72.08262704401598 22.65291443209264 22.460517566092484
5.751561688084536 -72.0759875911203 23.396369019730827 19.864965081672278
5.648314631712336 -72.09015309318474 23.884816490705195 25.30357698021465
5.679509420353562 -72.08587186935277 22.240953072210605 20.78088795987629
5.6868699449097 -72.08487674745585 18.3664268043258 17.480340949323207
5.7166512219347005 -72.08078931237219 23.25408651864211 19.94387059027335
5.721666268966338 -72.08010653485074 23.33488784482747 22.507458082418253
5.774791829921176 -72.07279549509481 20.52673570063364 19.024976311950248
5.627815711480754 -72.09296477852502 24.036366970048583 21.37655622428618
5.650370642074806 -72.08987940078448 23.216507095949083 18.872252111392704
5.676548677423312 -72.08630347093502 23.591385856980065 21.996614954680023
5.681169171007905 -72.08566088218559 23.176092720262766 19.959689157879218
5.7008465422993 -72.08296532863407 21.564540606318328 21.112819913039417
5.7210499987852135 -72.08020294134184 23.73059304754152 17.865284325970453
5.727706570706154 -72.07928981047824 17.811390969470494 17.722433325445508
5.756949860623482 -72.07528182542859 16.738010510923417 22.216071436709385
5.627982331950171 -72.09295409611711 22.70593298552487 21.38202369707889
5.718744086515718 -72.08053208333286 21.00080127064998 22.733903731663187
5.7294509145793615 -72.07906461370305 22.062892442417002 21.280731766474663
5.7631369188661745 -72.0744397741475 24.17505214708603 20.1131879486059
5.76560162526513 -72.07410341455969 22.593474207660176 19.786680346191375
5.690564079914888 -72.08440812300093 25.34003971176968 24.391235053133833
5.708333403371851 -72.0819779711002 25.066608970523074 24.666830069567453
5.7432753316712155 -72.07718653240893 18.26417640540103 22.723931391588454
5.759797406164477 -72.07490675402869 20.69908985654127 21.418630707466534
5.763532967744088 -72.07440776702413 20.925263654997817 20.219118740904314
5.622899912293043 -72.09367824162659 21.776408542397093 20.423393548098936
5.6434156271355045 -72.09088036019266 24.158681866718844 22.20568947915829
5.694675401858081 -72.0838651088333 23.650666282098705 22.88985106180501
5.775563484804863 -72.07275547526191 19.080702951966884 18.736667822768524
5.706675599515224 -72.08223855471385 17.953152009081084 17.955185886881704
5.7437090823191665 -72.07716119121078 22.796939874303767 21.491491520212982
5.759331374826226 -72.07501773195904 21.07540451356782 21.91426914590071
5.661617423431841 -72.0884242490479 23.07626145879549 22.78565273883095
5.7569348586037785 -72.07535695978113 17.598328113829353 17.83557553700936
5.7606472129007305 -72.07484069534432 22.043871253292302 16.503855929446747
5.675350697769251 -72.08655933055836 23.365602822419163 21.173286409302534
5.679619105926088 -72.08597434590575 22.64767391265751 20.724114562939832
5.6812020415160855 -72.08575256098824 20.385364342343692 18.67523281206516
5.614215451322415 -72.09492500814397 23.735830023728557 21.96258748258438
5.680702613085844 -72.08583432587045 22.883780998606717 22.723396522119312
5.741848945283553 -72.0774651432971 24.086246377964876 22.92027052401104
5.6290541741898625 -72.09290619777626 24.410071149668145 20.701378096039505
5.658405228531551 -72.08890416377642 nan 23.18423724737532
5.658914577623013 -72.08884277394485 23.179998352994318 22.671657411582686
5.706009548214948 -72.0823866170477 18.558126228589806 21.91225053920028
5.764926841667268 -72.07430159937302 22.674120910177756 20.280713849676154
5.773265342738703 -72.07314777203061 17.909756930566935 17.343818327972183
5.664150742625253 -72.08813456160574 23.795315829848047 20.58090231643211
5.668958569230827 -72.08747635233205 18.713767581945923 21.466840755734268
5.679133214958999 -72.08608262798022 24.80225548773626 22.635570713527382
5.715471648761794 -72.0811086189217 23.389028791708046 22.39805365286205
5.753790874512216 -72.07585172898295 21.79588353087692 22.87305655705284
5.758792854947481 -72.07515402747052 19.076261815584644 22.439945719797
5.6432431728156995 -72.09100934703982 25.029748231596507 23.02257558989188
5.6477250620575825 -72.0903891122156 21.987574222522635 21.041339212563432
5.648856410676159 -72.09024881460108 22.90717920553303 21.639827645413956
5.678826958034018 -72.08614841609345 24.331836926682385 18.63714557875543
5.680319581604422 -72.08593982678747 22.755004988818783 17.938313481577282
5.722495735531743 -72.08015407218065 22.430725267674 23.277276902319755
5.756268319814681 -72.07552692572288 24.26803727102198 22.279457925043047
5.77134360066986 -72.0734473364122 22.92960829136503 20.778827530000786
5.64664517167349 -72.09055276848184 24.66741220380574 21.084759856151656
5.698736393770053 -72.08343581501363 22.57490688865269 21.8949456703072
5.775378078446227 -72.072904302905 21.694690748682284 18.495983928325252
5.620584787172303 -72.09412670639475 20.573262545450337 22.537831600961912
5.636865387945675 -72.0919040888297 23.194900906318498 19.59888062714416
5.66109050513048 -72.08860407750821 21.55316296621627 16.628745756401237
5.6852772318526394 -72.08529687968681 25.740701189163183 23.573626624270887
5.6624977019235265 -72.08841592474253 26.449684360276727 23.96246973161494
5.74354815422492 -72.07730843646594 22.95795139292477 21.84878937759813
5.759889373383275 -72.07507768774992 23.11195369910032 20.863934181909364
5.766984396288646 -72.07409681276859 24.168642098723566 22.82084881257581
5.652405694842213 -72.08980909479405 24.0080619922231 22.001394695034517
5.763285234675127 -72.0746097170164 20.61186484537494 23.891506234864345
5.6164639459691905 -72.09474523060774 20.41526718314046 17.89304956394441
5.63416181266785 -72.09232011581479 18.587694018818862 17.854550754182632
5.652709882705956 -72.08978707275516 23.17374180104716 22.0787421882695
