hst_f814w_psf_stmag.ecsv
# %ECSV 1.0
# ---
# datatype:
# - {name: x, datatype: float64}
# - {name: y, datatype: float64}
# - {name: flux, datatype: float64}
# - {name: mag, datatype: float64}
# - {name: ra, datatype: float64}
# - {name: dec, datatype: float64}
# schema: astropy-2.0
x y flux mag ra dec
[from data line 1768]
2853.501771134815 315.481039054672 -0.16415617325602644 nan 5.6170669512895275 -72.04231060192605
4048.548552266577 315.32732836140167 915.2639752408393 18.537254443964038 5.655816034275368 -72.03079226358967
1524.517412643605 315.88061005890916 19.055869519163142 22.741048440135305 5.57392564501665 -72.0551131357524
1684.1829672705937 315.9659718698517 22.918206089913767 22.540668815015007 5.579115998955496 -72.05357686473232
481.5622373600859 316.62984616253357 9.90541227610651 23.451438975793906 5.540041293143986 -72.06515794523614
249.22112202228246 317.81106260778955 2.5283447994128103 24.934029616321894 5.5325195034685395 -72.06740500755247
1316.7720386478106 317.9415368559015 -0.28298261568556016 nan 5.567238905915435 -72.05713356202428
3046.2221427510776 317.91981876188004 61.5057342627551 21.468831347358176 5.62339608995025 -72.04047825012105
3782.892730610785 318.0879420386716 46.52284755853493 21.77195464353147 5.647291563238819 -72.03338068824041
1354.5568334580444 319.7082114049299 8.090024405138417 23.67124578679894 5.568522112429266 -72.05678754462362
2095.974632693845 319.92483674589295 2.901950655255623 24.784395307607827 5.59261523775922 -72.04965146755443
63.78945770188051 320.87074833576247 3.1409345049342576 24.698473164812395 5.526581189016037 -72.06921939205598
68.88338668315532 320.7340140811995 3.409353727561768 24.609440209857222 5.526742687927428 -72.06916902431512
3174.133807727071 321.40650723558196 73.54249419628339 21.274774478931636 5.627654524639529 -72.03928066052652
3259.3139864156983 320.6425132283007 1.8953859958779768 25.246876197416032 5.630393611420297 -72.038452232552
967.708340054316 321.8421788905362 129.57892567494167 20.65978442883238 5.556013926380854 -72.06053224743222
986.0934380179555 321.8244326128957 -1.685243204697727 nan 5.5566111104762195 -72.06035513525019
285.6671535964749 322.7898897901197 1.9744165079938631 25.202523432465014 5.533860870708332 -72.0671042757513
1250.5564887026644 322.9617092601197 -1.7053237846846003 nan 5.565243638671024 -72.05782118134815
1698.5672581135304 322.49380294145925 1664.0246143378743 17.88822100089839 5.579787282104691 -72.05350372457139
1991.7769181066817 322.921232514204 -3.580979592850381 nan 5.5893249227565205 -72.0506848355303
4253.536523731632 322.96480915780495 11.748868162038287 23.2661302900031 5.66269737480881 -72.02889235251767
351.2566392936175 323.8440218948824 236.2310066525477 20.00777811461963 5.536027716613074 -72.06648384882932
1526.6860180488513 323.8946439734045 19.84945897770387 22.696748681142395 5.574246512447106 -72.05517249028681
1707.3619324035867 324.2758122976455 53.959886445789216 21.610942798511683 5.580128680547244 -72.05343689044113
2254.130931833835 323.8168049760637 52.79969291488927 21.634541874501835 5.597872456350975 -72.0481673302748
3643.9905865758706 324.590368884622 502.8169506377601 19.187595591385847 5.642991553968822 -72.03478452850135
4168.859060482767 323.7590118560868 -0.3105511988478768 nan 5.659978372319102 -72.02971668858154
83.28691628458483 325.16023086562035 576.8541296152965 19.03845535109807 5.527349705737448 -72.06907482339659
1111.3259755922697 325.4041129877745 39.63693771632198 21.945870130564366 5.560794229838015 -72.05918571900474
3109.288166429588 325.23476599589355 1.021677736227597 25.91783554215465 5.625670609127911 -72.03994377378257
3572.715445650553 325.79206484584836 230.5799518889156 20.03406650559142 5.640718116962849 -72.03548349666889
233.24331721995145 325.74146176407857 0.8472333710880826 26.12111273226812 5.53224740962757 -72.06763815782443
960.0100843646949 327.4377148817987 1766.5918092605025 17.82327983488289 5.555938467711283 -72.06066236843137
2336.8635850524524 327.41713035404223 -7.656222152177502 nan 5.600671091465376 -72.04740656665032
1036.3207584081717 327.9756974076346 -2.7404713838892834 nan 5.558436244864021 -72.05993334619649
1465.0976757264077 328.3162805651885 6.330037158961409 23.93760471755437 5.5723833787056005 -72.05580964520524
1721.459878575152 328.36206646065534 61.969464919312664 21.46067600063804 5.580714362710497 -72.053342062853
2366.605004193533 327.8992762331197 -1.0420544076909108 nan 5.601651735529409 -72.04712494433814
3574.705477771782 328.76110461153667 235.64256334482135 20.010486020192012 5.6408754204021925 -72.03549400942865
33.04117467043147 329.40722576563843 1.59926694173303 25.43131796595722 5.525847243474403 -72.0696006801519
1746.0141139580473 328.8901314392211 51.21291540435053 21.66767161697722 5.581528546548193 -72.05311094260325
3119.4969978903514 329.525236349962 44.90682997117043 21.810339369273436 5.626135851999589 -72.03988832575433
3340.6883019148318 329.48530314003204 25.07193647980026 22.443150669087178 5.633309212248818 -72.03775652751982
3794.399568598729 328.95753453738297 22.046264713463444 22.58278282176778 5.648004242590667 -72.0333784653386
2715.6558010220297 330.20750211126926 -3.303960800615665 nan 5.613053843420479 -72.04378588471127
3268.03979246756 330.3554254118699 30.974233971068166 22.213618929740218 5.630980140955122 -72.03846530057764
3533.721074606505 329.6666631942906 6586.423270215214 16.394496274185457 5.639574785857526 -72.03589806275242
3574.2744846507767 329.91228191756073 226.88210013420976 20.05161978224848 5.640897417992595 -72.0355096757943
2905.8459330662936 330.5708200155066 -2.057171486810911 nan 5.619236928893595 -72.04195727677774
3125.441047752544 330.90822010603216 26.4152368279046 22.3864840943146 5.626371891204251 -72.0398448863012
3248.257743557529 330.85450204625727 212.47692443091748 20.122840937692086 5.630354100013358 -72.03866091535525
4073.2908135272287 331.44907218587326 -0.9682774553849405 nan 5.657121671856734 -72.03071492504586
4303.115129468782 331.20729671924335 276.86627343485287 19.835445228099076 5.664561338981231 -72.02849673441027
35.007133493301815 331.43457756162115 40.35172754527376 21.92646503479976 5.525974565559799 -72.06960208220728
1329.1110671590127 332.189824712559 3.2241448661410472 24.670083998324632 5.5680851219106735 -72.05715744940757
1593.183805377881 331.48853350859355 4751.730823002874 16.748990789496467 5.576644466207449 -72.05460834075735
3465.065472135596 331.99483569674413 104.78295957383865 20.89039371405392 5.637421231731988 -72.03658301209573
675.4808198872342 332.7811060632239 806.9502468555052 18.67400346921043 5.546853239477355 -72.06345390173425
89.57112050282964 333.8062159578669 75.80046658670868 21.241940668863812 5.527824340557843 -72.06910099760077
271.7881209765853 333.72900337051624 44.31366830741737 21.824776109589596 5.53375108832254 -72.06734737831269
2233.7233136494156 334.4081551500599 77.7576644605983 21.214262347199508 5.597540776921293 -72.04846986303797
3645.106500327595 334.4924610725226 574.6607782442624 19.04259147448998 5.6433371592886425 -72.0348727967913
3798.391541166298 333.4778096267918 19.217937149448762 22.7318534443489 5.6482749036163025 -72.03338518692662
257.79279115724984 334.789611659032 1135.6498817026834 18.303009216167975 5.533328871742554 -72.06749263848897
1809.9349847641868 335.01003894428743 -0.39044300990284597 nan 5.583796247519488 -72.05255676104314
2442.6398108356725 334.74097702513313 11.021612701147431 23.335507501485267 5.604333912366371 -72.04646107362402
191.78384092974423 335.68798811471174 239.31689192386764 19.993686981416296 5.531209173225325 -72.0681366311826
1661.4933615559055 335.44305121598643 -1.258480736569996 nan 5.578987420534549 -72.05399028677493
3161.612217229783 335.8975829431401 579.8604068109687 19.032811726436524 5.627701159799971 -72.0395462650604
3566.172446652768 335.6339600089344 326.50884095817463 19.656383003004542 5.640813504849354 -72.03564498249816
3944.319803452436 336.5010706425195 280.61050123902777 19.820860567357506 5.6530995893996945 -72.03200874458365
357.0589858625856 336.4404800170117 206.8505554719059 20.151978637475118 5.536610050868472 -72.06655421088485
2667.3232822283303 337.356465654109 -1.6149334393254078 nan 5.611708629217047 -72.04432300441492
2784.3199225714566 337.0429042475187 11.465995654707319 23.292590934036877 5.615495746511914 -72.04319280112469
3493.8675838723148 336.7078475957687 328.88297583941335 19.648516882602728 5.63850249561494 -72.03635257100413
3498.587049958671 338.6025108343135 381.62990936289333 19.487014355687194 5.638714740420319 -72.0363260358292
3537.0375889555144 336.7825031440762 6536.164467078702 16.402812937038384 5.639904685727752 -72.0359372636264
3976.6081315326487 337.089891748575 24.6734156328145 22.460547179534764 5.654164507357253 -72.03170337359141
2880.355498743998 337.8390343619602 -2.3301805590826232 nan 5.618636941011862 -72.04227556926013
3091.610401932434 337.77746999556183 63.051283849417615 21.441885530925603 5.625489064349888 -72.0402395704001
4020.194678705937 337.86881352485693 108.96169700951667 20.84793571996169 5.655601504128209 -72.03129097969013
4245.5954551955965 337.55927128548313 51.46495555425874 21.662341361044366 5.662896134278725 -72.02911481909693
4277.8569795985895 338.24110773004753 5.987592434926743 23.997989788664967 5.663962763572608 -72.02881058300191
855.6267192118079 338.51554591887503 12.903473275527322 23.164353799459832 5.552890624912976 -72.06177783858018
2127.94584728614 338.97056594103975 519.5143090599075 19.15212658143119 5.5942485787559475 -72.04953419997219
2154.0561430276825 338.616740117913 -2.1897554825687293 nan 5.595085399875528 -72.04927921216648
2931.515593573543 339.0677268621958 -2.4893517502920925 nan 5.620335333519252 -72.04179496961534
4015.505587335869 339.5562721952518 75.81962914323891 21.24166622659531 5.655502263738785 -72.03135305558246
234.0621075892541 339.43461766330176 17.0487248586183 22.86189061130532 5.5327018807092845 -72.06776745899977
2202.634578602846 340.46368635602045 504.5417090448312 19.18387768126736 5.596720532898207 -72.0488298673334
3502.2659252357143 341.52150138969614 456.27923706735515 19.293043599411526 5.638925250168759 -72.03631977340163
3553.173392237677 340.1475407028631 4630.736084122127 16.77699529042638 5.640533051927438 -72.0358154038663
4290.1302629496795 340.161880945612 18.977688107835625 22.745512103998067 5.664420450663397 -72.02871144927423
3537.1665400083807 341.2197366081269 6598.9570372072785 16.39243211397364 5.640047524494738 -72.03598039668897
4039.4102188891734 341.0383133017981 36.26053799440979 22.042534757679135 5.656323311120885 -72.03113742450675
2081.4081087826257 341.91795771127704 -3.033870943907939 nan 5.592829402992281 -72.05001185594097
2427.8453789968435 341.8069630533078 -0.595162423151766 nan 5.604074433163985 -72.04667427593685
3500.859702880079 341.1025955894149 436.12757419314624 19.34208650157669 5.638866560227769 -72.03632913643533
4232.424232243496 341.6334908015312 -0.508543978388904 nan 5.662596673947955 -72.02928253972989
361.2878148661747 342.8472455046546 19.246824558703096 22.73022264719364 5.536947803381376 -72.06657770569349
2055.783258169673 343.489893688014 -2.4985321784586367 nan 5.592046345179956 -72.05027435079177
2556.2615535034292 342.7389653640895 -0.8662695737729446 nan 5.608272083436786 -72.04544668607733
2734.7847937404836 343.14538634121715 -1.080011769637807 nan 5.614078917548329 -72.04373105289486
2799.0879659866378 343.28343822820125 11.448502178500405 23.294248688380264 5.616169986507162 -72.04311296476209
3507.410746925821 343.1532084177438 612.8937705366496 18.972657348175876 5.639143069914168 -72.03628650857092
260.1587202278506 343.6374899750688 28.372097350158395 22.30889176285112 5.533682296506915 -72.06755851467953
488.1105435251825 344.17739687333477 0.8570726841210975 26.10857623150717 5.5411150063346675 -72.06537087803066
1904.254762169518 344.59542785937697 -3.4268380716975604 nan 5.587159496669843 -72.05174453424354
3508.0679785925176 344.1573993378475 791.375272801588 18.695164175572756 5.6391957615893595 -72.03629021729296
3578.943956174959 346.3728876202245 254.07691567969187 19.928707344318678 5.641563195073978 -72.03562928766691
3597.065301948818 343.8484443327758 159.70641513360204 20.432814462780936 5.642071878924781 -72.03542938835082
4010.8721599074506 344.4491681959201 94.92100388047903 20.997714559546186 5.655504994531646 -72.03144664378227
4315.944635999156 344.39639916670245 477.11837427555975 19.24455501124902 5.665389167035379 -72.02850488295545
32.5142111319614 345.229919026958 2.641723366575976 24.886402022091396 5.526324457445741 -72.06976427650878
61.703121363434796 344.95793274130335 105.31327696016821 20.884912549624637 5.527265869659678 -72.06948078669122
67.19332402753972 345.3122136307374 31.234726883232103 22.204526084111595 5.527455606273323 -72.06943152600694
245.18694492030258 345.61768914203105 35.11496113275639 22.07738988604323 5.533257036308521 -72.06772238040625
3720.2724089205117 344.9408479000543 21.707700880096848 22.599585794632127 5.646100612542924 -72.03425279539975
648.0092696583429 346.45620397108763 9362.465680292187 16.01264476934417 5.546387065281999 -72.06385520408193
867.5431516136317 346.1917102768495 21.20509367817883 22.625019877690747 5.553517943840603 -72.06174003766375
1624.953128804393 345.9088133102483 -0.728477381655954 nan 5.578127255825447 -72.05444684650267
3558.04982120609 347.97824249835276 4169.095513964714 16.89101575385623 5.640935871603016 -72.03584671797374
1361.6687837382494 347.2925717018524 34.965358532280725 22.08202540161088 5.569615136263759 -72.05699526391328
2715.2372641665756 346.67475717659045 68.52621935086152 21.35147843595333 5.613554821991635 -72.04395467248678
3290.759409172359 346.82723025660647 61.01102511148854 21.477599560920368 5.632231757418586 -72.03841112048798
3507.9600473070086 347.9226174020735 769.9448044750145 18.72497138431371 5.639309920331499 -72.03632891309242
3563.080169664231 347.77955808693645 2011.5955722818385 17.68226868860633 5.64109277254284 -72.03579624915102
3581.4566498025556 347.06996905808234 237.69789085188285 20.001057045793996 5.6416664508357055 -72.03561204158163
4252.118350337257 346.9400495330339 55.686143673935874 21.57675250725614 5.663400634427227 -72.02914570873165
1705.8423567892244 347.8126375589752 429.0552642828232 19.35983727890563 5.580814748960669 -72.0536871316076
2138.5674340136075 348.0986090631447 956.5836765066264 18.48931295207121 5.594878719138607 -72.04952326641619
3212.1220883816663 348.60612686509967 15.101030876116537 22.99360387731982 5.629736703249292 -72.03918667891091
4297.064614909309 347.7487400617869 21.73900610723536 22.598021154789823 5.664882213983489 -72.02872043431567
761.1353715984573 348.64465459461843 -1.2635235818694244 nan 5.550134456914312 -72.06278857119823
2588.617446360882 349.3582745733019 -1.013238057913469 nan 5.6095291409501105 -72.04520124792624
3063.6647932691 349.08091856114993 -0.45643690008910975 nan 5.624935683067097 -72.04062190344149
3497.7375209278916 348.92206812465713 426.50730435515794 19.36630418295627 5.6390096656234565 -72.0364374287758
3504.895731268721 348.37618038452626 639.8012912305732 18.926007585592423 5.639224727292305 -72.03636298173022
3863.3544605670427 349.4148741301641 34.72465965188478 22.08952537176074 5.6508787606614845 -72.03291834910387
4039.2265031857655 348.7285968630885 37.49383481492233 22.006220711915937 5.656557674107565 -72.03121608427088
3717.790113591211 350.4741565732062 521.8192485791385 19.147320128485475 5.646193048193116 -72.03433205356879
52.260141051941176 350.9009364822527 95.47046576829332 20.991447762802885 5.5271442500986465 -72.06963116020403
206.22173887035697 351.19460938105465 227.54009691957023 20.048475519329962 5.532163454248848 -72.06815308994544
848.699973963864 351.51387968687 9.741748427837058 23.46952809090968 5.553071529627546 -72.06197467083697
1871.1548200223508 351.41933912998485 -1.2358089782081 nan 5.586297588066632 -72.05213155144772
2983.692783194408 350.85164321109954 378.76488664231294 19.495196088733493 5.622396468436875 -72.04141014636564
