hst_f606w_psf_stmag.ecsv
# %ECSV 1.0
# ---
# datatype:
# - {name: x, datatype: float64}
# - {name: y, datatype: float64}
# - {name: flux, datatype: float64}
# - {name: mag, datatype: float64}
# - {name: ra, datatype: float64}
# - {name: dec, datatype: float64}
# schema: astropy-2.0
x y flux mag ra dec
[from data line 7095]
1287.0651139816518 1639.64983157352 114.6150570058429 21.344433734185564 5.608888933716029 -72.06597166512587
2468.6889241117765 1639.971582896795 -5.668308850428845 nan 5.657596828295205 -72.0593152300393
2631.9985353607017 1640.4552107032248 -0.4127187932956403 nan 5.664333933576885 -72.05839987805737
2663.424871630165 1640.4848052384386 -0.10594884797893955 nan 5.665629143184668 -72.05822290100134
3114.1099685240297 1639.5248768309525 3.5598603061823137 25.113955531058167 5.684175649997071 -72.05566636352228
3447.479542037688 1640.0131329089363 1.0119248532833973 26.47966726482371 5.697913095978622 -72.05378937697904
126.49717544775343 1641.2847239514012 0.7372329940426569 26.823526012672197 5.561050601211125 -72.07252244596086
343.5001382053461 1640.9308752940829 23.676007209278083 23.056766762190133 5.569997100185595 -72.07129785905622
1104.2243414065347 1641.273363096866 13.435707913338431 23.671886536312993 5.601379500463904 -72.06702182229904
1189.0039397274847 1640.697086388017 -10.084105062217601 nan 5.604864807805385 -72.0665371625163
1421.0233452380023 1640.507787573623 718.1727200851387 19.351965660162293 5.614427629706233 -72.0652280778173
2210.2902592616597 1641.4787892517224 -2.0224653700780415 nan 5.646977209821805 -72.06079192528644
2878.117316378821 1640.844735837229 7.321113762147293 24.331095032618656 5.674479738614699 -72.05701563525368
4069.5217559430284 1641.2757689753482 -0.4249831226457251 nan 5.723545141535259 -72.0502889425517
1219.0712744026066 1642.2502292464046 0.8187887955700629 26.70960819334427 5.606132979453385 -72.06638757535798
3070.1804609224205 1642.0077992711847 1.8044899317183491 25.85165176298107 5.68241189186551 -72.05594595219715
3810.974495731326 1642.2743735676736 957.6269514824528 19.039547020124246 5.712920494190537 -72.05176360672515
122.02394385492131 1643.756393690901 1.7185774535888156 25.9046151463307 5.560911174673178 -72.07257898344855
1997.7145170353585 1643.354802214433 -2.1603569901369832 nan 5.638251189213645 -72.06201439340154
2179.7639040207005 1643.6832765446818 -0.7514386005647485 nan 5.645759634665745 -72.06099205942913
3212.0343933966074 1644.4845304038854 11.106763069966833 23.878569152107175 5.688299488830496 -72.05517622577491
3416.527450550586 1644.0136751137893 1.455670825743552 26.08487997591833 5.6967119342925345 -72.05401502145469
1703.0319457655924 1645.2259512873018 21.70248102959582 23.1512644578655 5.626139515308726 -72.0636991323814
1882.4543247229115 1645.332326142274 90.5176041822319 21.600705294696063 5.633536970054016 -72.06268925224595
2899.0638523931357 1645.2486817369743 2.958971748091138 25.314685874571907 5.675423249886958 -72.05695326559767
3167.1540934944487 1645.0068283326664 -0.6925069098810983 nan 5.686460740191373 -72.05543634404398
3792.7314426269777 1644.9122490189552 943.1687023872789 19.056064468725538 5.712217858470613 -72.0519002077822
1364.8029164458358 1645.971062078322 208.30920120363382 20.695766787176048 5.612209683825389 -72.06561410119919
2339.0691784973674 1645.9873386523225 4.153071356369856 24.94661443843394 5.652366273438637 -72.0601228076386
2367.6952414678717 1646.26843222994 23.9929831003411 23.042327300761674 5.653550940932228 -72.05996489828733
2479.0654347374616 1645.4901562053503 2.594452357907368 25.457423670725497 5.658125432628858 -72.05932672440899
3587.0084988213184 1645.607900772065 2802.6976296346215 17.87359730549081 5.703760826899482 -72.05307188221613
1357.274858437415 1646.8834092470768 21.00063016566345 23.186957104046165 5.611915995245549 -72.06566808417946
1769.5662440038914 1646.5967018301155 31.4502830633608 22.74847652454703 5.628907133353569 -72.06334157588206
2393.0441746180763 1647.0470208405038 104.40781720822442 21.445705380237463 5.654609670749704 -72.05983178294328
2951.815627204114 1646.9028076994423 91.56510547659212 21.588212920995193 5.67762641268044 -72.05667642599694
3080.7529191969793 1646.8073039699311 8.219474823022768 24.20542774725091 5.682935305408415 -72.05594714867091
4109.401961258384 1647.4933092649544 40.030067372920044 22.486572118422195 5.725300751583872 -72.05014225166134
99.83117311559002 1648.0318610566019 -0.584760520619195 nan 5.5600735699933 -72.07275803839659
391.2250257662419 1648.538135063913 317.2072816467593 20.239180050543027 5.572104919559341 -72.07112607955803
988.555507206426 1648.2126091080004 298.05887007430636 20.306782794213717 5.596736528464428 -72.0677610914868
1437.4355513451287 1647.5572364938375 28.708794239312745 22.8475005394372 5.615233215654115 -72.06522512525339
3873.0857713134747 1648.6035417335818 1.9305316002449886 25.778345633934304 5.715593554010047 -72.05149273279494
4326.6203246914665 1647.9575909084933 2418.730106893115 18.033569394853807 5.734249476002409 -72.04891931742597
3681.3805093032215 1649.1715059460853 1.9404510492294773 25.77278119232219 5.7077117059735905 -72.0525837000765
3711.9013387051455 1648.7473869298926 1.557798207209452 26.011259921802345 5.7089604924259465 -72.05240579823133
673.7148127883784 1649.919492116371 -3.9822355692257028 nan 5.58378288299869 -72.06955459027795
3508.0875149617573 1650.6599256709246 109.81161978535954 21.39091717682242 5.700603951024342 -72.05358198245027
4371.91343038166 1648.488553691918 438.41468809070597 19.887825181611902 5.736123233816457 -72.04866977348922
4391.100709174818 1650.30508818269 24.59195461444457 23.015555299427213 5.736946209834921 -72.04858424286842
1263.8004363681687 1650.5654515325623 13.532304154179888 23.66410854480289 5.60812933467406 -72.06624126511703
3393.1127918513307 1651.3482767461974 2.1951858174285044 25.638859700636473 5.695882260036714 -72.05424037453335
3874.360951574244 1651.1925940670417 2.114045597539145 25.679752045277482 5.715693552122736 -72.05151836725602
4015.686784931219 1651.5695551793146 1.9244365356645365 25.78177893743587 5.721518091324749 -72.0507239889532
4397.062500946614 1650.456846466805 5.31253971097197 24.6792824475426 5.737194343541108 -72.04855243221377
4407.469497599693 1651.2492544080171 2.1047235603776535 25.68455026454106 5.737637172357977 -72.04850359296277
950.4871524951567 1651.6094077548955 2.7251702823684996 25.404053810124108 5.595228722915114 -72.06801850381734
1524.4297991156166 1652.5164983473742 14.756366052934947 23.570089371070466 5.618910393974782 -72.06479801546536
2194.7115327599604 1651.7040030996486 8.666763581417106 24.147895546769515 5.646522462665343 -72.06100956519523
3144.81036041819 1652.1018923633676 -1.11517758389647 nan 5.685670592551298 -72.05565256581825
111.26897518209461 1653.2968573719845 3.1106436024109536 25.26041228283516 5.5606416549873865 -72.07276060992437
126.49991429787698 1653.305267876565 11.806703892551742 23.812216242435717 5.561270244883227 -72.07267509589096
4347.975605946382 1653.0970572149326 8.892076539416315 24.120029940355455 5.7352226990964565 -72.04886367597159
4381.842961553623 1652.652071276816 962.3124504016915 19.034247659208567 5.736608310190722 -72.04866639735945
619.3778299852644 1653.9041762272027 -136.59082575511755 nan 5.5816144502179785 -72.06991089419601
1584.4908094280097 1654.5209314769704 18.148636432188265 23.345427919544495 5.621423056099837 -72.06448507806606
2392.780580206189 1653.5310343429117 605.5113632162793 19.53723217688813 5.6547175607490905 -72.0599155626188
2435.6698629886914 1654.059173131428 -0.9947555738194714 nan 5.656494402751965 -72.05968030717058
3860.6208445469338 1653.9918233141836 488.4080856340974 19.77058080826459 5.715179278610235 -72.0516315655759
4412.971006290367 1653.837986588584 3.1890127751159305 25.233397273491594 5.737911104885007 -72.04850529620514
1511.943743571255 1654.8974327835315 -1.7254570396575823 nan 5.618439208675732 -72.06489858385203
1842.4398413807407 1654.6398590150638 5.764125507939178 24.5907043496354 5.63205805197525 -72.06303294693116
3012.0031840494967 1654.752852404025 22.683077238325502 23.10328299203344 5.6802493366323485 -72.05643619613221
3211.6523256702194 1654.5904125581753 26.72395270612652 22.92528618478495 5.688469024486548 -72.0553066119583
3439.8407727390595 1654.4895885603994 458.71061293387135 19.838690950344446 5.6978640243314285 -72.05401620994988
4417.614230384886 1655.205999085086 45.08440933142112 22.35747196057961 5.7381273038639105 -72.04849637261744
716.3748166860325 1655.9552794689516 -1.4810194060654602 nan 5.5856527512395 -72.0693912063605
913.5786673323771 1656.0405444344342 1483.1628422457425 18.56456582970604 5.5937876180883945 -72.0682825096085
3823.2120575204026 1656.0829677395113 167.4965490073527 20.932523262200807 5.713677627599379 -72.05186959778175
4192.306236057458 1656.4699298915 15.660174534476647 23.505546426014142 5.728877804620376 -72.04978716866225
134.52709604424447 1657.1385580551394 26.160276670597145 22.94843208912626 5.561671456821337 -72.07267865423404
473.3993524788245 1656.599440767775 57.05513551751625 22.101801067933398 5.575642108691704 -72.07076628398895
477.53426007835367 1656.5833283491543 19.86585819882271 23.247269593089392 5.575812386110032 -72.07074282207742
910.9047571351917 1656.2726445660749 22.366976095758055 23.118519737030617 5.593681587133687 -72.06830050655266
1384.585009288636 1656.6607196555688 1.2533413278033025 26.24736452010491 5.613220809134028 -72.06563839117642
2610.0501852477555 1656.4798329700766 81.42506024182705 21.715642699675577 5.66372327484303 -72.05872710227757
2701.0676711323686 1657.4284492715794 20.92501690741809 23.190873377104683 5.667490307719975 -72.05822547711186
3409.7398838349786 1656.4667398505512 1.8347863273574065 25.83357418316001 5.696660794250967 -72.0542113725813
3572.8235966555644 1656.830534193253 100.68570782874714 21.485118352197212 5.7033826184795675 -72.05329443116591
4147.2916592801175 1657.504546950499 5.986835352822215 24.54954463468367 5.7270440356525345 -72.05005492675606
591.2323195016382 1657.487825623881 6.014199190826379 24.544593401354366 5.580518980932436 -72.07011474080413
1029.4535468120132 1657.9105615889302 31.258258887641706 22.755125961607394 5.598600400221212 -72.06765400066094
2886.011692146023 1657.984271097291 2.7071424365848777 25.41126015398925 5.675119007595949 -72.05718856370486
3292.3816857452753 1657.5453411662754 235.43402937020988 20.56286483234067 5.69184780430643 -72.05488808547416
3778.461866535745 1657.8185701650218 498.81162589056134 19.747696503286935 5.711867178189266 -72.05214461147968
518.736952407404 1659.066591541971 -0.41318824977953533 nan 5.577557416779601 -72.07054259886769
1567.2220089928112 1658.7901983911504 12.765537688792419 23.72744014065106 5.62078927595807 -72.0646365711557
3787.6126629386454 1659.4758985023648 465.22349889941074 19.82338381290687 5.712274311212866 -72.05211390400243
4390.237360220133 1659.0570423326699 27.715632832414407 22.885725922770707 5.737071362684846 -72.04870013711984
2602.569624020414 1659.7046750435347 183.93780484537922 20.830860423011025 5.663474165552837 -72.05881024198062
2940.5681037501167 1659.547798177107 205.6078938493541 20.709938460052822 5.677394875466784 -72.05690038881266
3089.355058111993 1660.2577919127173 4857.460577785614 17.276514709453956 5.683536144593156 -72.05606924246446
3828.524471881478 1660.1746550891664 14.863868098314674 23.562208314179315 5.713971397885859 -72.05189147028823
1236.9565753364318 1661.7037279886351 1580.464789990648 18.495575858651037 5.6072262063269545 -72.06653384440543
3043.550388728892 1660.9148194264924 13.027516316625297 23.705383856589165 5.681661637782337 -72.05633624540059
4115.597351681881 1661.3971065651301 319.30779070931 20.23201413377096 5.725810938193042 -72.05028357860913
4271.5513444942135 1661.0132745992241 173.571065462567 20.893844597589638 5.732222739196257 -72.04939648923329
560.9248999584594 1661.6524399881398 -6.7507995093952005 nan 5.579344925760062 -72.07033812034906
1592.377058966183 1662.124199016036 652.9649633537715 19.455313224480292 5.621887270126622 -72.06453716582412
1596.6045721442395 1662.0137333819127 1476.3180744846823 18.56958807896628 5.622059523014881 -72.06451194410263
2226.3946080977926 1661.6261770323304 13.445547713300133 23.671091675560092 5.648009745285072 -72.06095681734308
2417.5212370620875 1661.9956153322498 15.629753943758907 23.50765756839925 5.655891986953666 -72.0598834194478
4391.731405877062 1661.1592969478654 14.096563486952839 23.619754791985972 5.737171444984331 -72.04871834762173
114.4295867067008 1662.9540576793327 1.7130470094598176 25.90811471843276 5.56094843289702 -72.07286549295115
119.90799259233462 1662.8237731762265 5.18293467609859 24.70609858309884 5.561172096736519 -72.07283304126445
839.2811597608279 1662.6815564849885 30.09691219881935 22.79623306775664 5.590844862984732 -72.06878498903626
3074.0543245484246 1663.2671102007948 13.576237814775716 23.6605893287762 5.682961122683538 -72.05619383519702
4187.327609205768 1663.1902678673548 11.361238346124573 23.853973743667105 5.728796244453992 -72.04990057745403
102.22260750538966 1663.5898509426468 4.952854643311086 24.755398964873933 5.560456372190445 -72.0729421887678
1108.9699293884314 1663.8915796985386 15.577232481183028 23.511312167181053 5.60198877040098 -72.06728227823739
2164.819254903334 1663.848756546143 3.5019707611102087 25.131756631738693 5.645512999351727 -72.0613322874933
2190.5508709200776 1663.6544104614177 -1.7309505473512299 nan 5.646569820206493 -72.06118470865269
3035.7564020688924 1663.6572886410008 65.79331734811922 21.947083460041227 5.681390890163715 -72.05641505694955
3205.8344977719953 1664.1951803415755 88.79801705712408 21.621529751832345 5.688405512539597 -72.05546134297396
170.41963978695458 1665.2842511600857 15.25926674036006 23.53370375905824 5.563301149811897 -72.07258032470617
391.7193955112888 1666.241117576651 152.89703088568683 21.031540291268 5.572448734062667 -72.07134811529122
1242.2810116937558 1666.1215142833369 2574.0845476411814 17.965980902257456 5.607526542556524 -72.06655994935815
3566.1194313071337 1663.7717834385053 8557.136023142702 16.66171683220874 5.703233890921684 -72.0534203839226
112.75410338940192 1666.554178624431 16.42401761390979 23.453839415740454 5.5609450503126645 -72.07292063462236
2616.3128562985444 1666.2583756884742 51.92600284243607 22.204075689092903 5.664160425684233 -72.05881585774272
3532.1495782026955 1666.261254436151 4895.581020429705 17.268027315020255 5.7018808466804405 -72.05364394390773
3594.5758803304207 1666.0245043414147 2596.76748519724 17.956455259538977 5.704446877000954 -72.05328813901006
3983.520346443773 1665.8051487957866 258.0033937233037 20.463474374491778 5.720455247619164 -72.05108648205473
4369.341278603882 1666.0589919803376 10.339982827131497 23.956238377361373 5.736339959368002 -72.04890719080932
4399.641692008388 1666.220093076446 32.193841377091296 22.723105921288063 5.737589897601725 -72.0487377762122
117.53607754258323 1667.3812557530032 8.015960971652401 24.23264893598708 5.5611574639988515 -72.07290425681116
1239.4515710354497 1666.5173988567287 2580.520810436012 17.963269506646746 5.607417117239854 -72.06658090900487
3371.8784669236206 1667.054102681454 52.85742805701609 22.1847728526495 5.695295852007936 -72.05455961828638
1826.6208213797177 1668.314004678895 612.8892929993999 19.52408283499828 5.6316562928111855 -72.06329568651542
205.84292713974364 1668.6130223329892 11.502957429048651 23.840514139726235 5.564823481795091 -72.07242344491021
475.6221427248492 1668.5434745862628 1801.8343959806407 18.353250738310287 5.575952035238075 -72.07090545889879
729.6349361781251 1669.043174454722 61.84800826346664 22.014223625322668 5.586438878851069 -72.06948278498979
1284.531671273475 1669.5188586665236 1463.5338739926483 18.579030974091786 5.609330764930899 -72.06636514646434
3533.225529253932 1669.853061999096 4612.598771576903 17.33267372353666 5.701991025320281 -72.05368343342028
3807.0523882362486 1669.1581773322982 2.5967502695975484 25.456462457588835 5.713252253504244 -72.05212683250001
