hst_f606w_psf_stmag.ecsv
# %ECSV 1.0
# ---
# datatype:
# - {name: x, datatype: float64}
# - {name: y, datatype: float64}
# - {name: flux, datatype: float64}
# - {name: mag, datatype: float64}
# - {name: ra, datatype: float64}
# - {name: dec, datatype: float64}
# schema: astropy-2.0
x y flux mag ra dec
[from data line 17323]
1474.5326975623138 3673.413723056879 2809.5454523944304 17.87094776495057 5.653874219371819 -72.0907312345789
2903.889938878605 3674.374801718127 767.3970265081534 19.279987640864434 5.712859189514186 -72.08267139988729
2940.828396670632 3673.8255229833962 6.4476630071953425 24.469032094530036 5.714372289185318 -72.08245559319876
3002.979799002144 3673.7791275591185 1641.445215842626 18.454471939831812 5.716934233217032 -72.08210359336552
3259.1287275871273 3673.8687842018 266.3147913722298 20.429049700468507 5.727497088693938 -72.08065608071557
3372.6633916185137 3674.1336842060696 129.8271036458084 21.209124500070608 5.732182548367302 -72.08001716336855
4126.192254852245 3672.4080906660715 559.8652166916278 19.622329204833758 5.763207605968463 -72.07572965232909
4322.743689598483 3672.8179084550793 5014.783441651692 17.241907463059242 5.771313690095976 -72.07462138826617
4345.118585901932 3673.7702324667484 5653.872285009677 17.11167293601423 5.772253076647499 -72.07450668956784
2312.8931444237055 3674.8245759540796 302.41931130710293 20.291014120915435 5.688492436901075 -72.08601680622994
3224.964306608894 3674.5769204995313 103.59347575141685 21.45420690931523 5.726101578536817 -72.08085831315245
3416.4800279629194 3674.4142776617077 23.91627445690742 23.045804099477014 5.7339940095327195 -72.07977281720811
3976.8191292102742 3674.917121296373 69.33446605520236 21.890164982544793 5.7570984792755295 -72.07660744416727
1842.9521943526775 3675.4375211674464 8.058833261258645 24.226857495462223 5.669115211895635 -72.08867803629208
2303.6517711855654 3675.8737876164423 32.12223593178909 22.725523502079596 5.688130483693726 -72.08608231768471
3050.3320418086787 3676.5276552621085 14.632922600017531 23.579210232473443 5.718937243551286 -72.08187070247291
4350.1234491816995 3675.808341279945 5587.368386142391 17.12451965556824 5.77249679801696 -72.07450417608705
1044.0358330998884 3676.755412623314 438.02844571025776 19.888782134430038 5.63616551976717 -72.09320132055605
2368.769616719464 3676.6993060263458 1981.1883387296155 18.25022351338952 5.690831806201595 -72.08572496734953
2620.0189964311176 3677.5659930312336 3.7773466461681515 25.049570816659234 5.701210965717609 -72.08431640958968
4297.978427521536 3678.7724765187545 19.85965060900277 23.247608911842956 5.7704029502539855 -72.07483721004809
4360.662161795477 3677.119951370574 429.40403790797757 19.910372611006416 5.772955138758468 -72.07446109423095
4479.390588672711 3676.978172028974 19.765639420077697 23.252760750121308 5.777843941922496 -72.07378649818652
211.3421998088992 3677.8918684639557 319.133658021388 20.232606395344114 5.601801282871094 -72.09790692909843
251.84348660630204 3678.402869511586 -1.1591476668811729 nan 5.60348349731367 -72.09768538278584
1892.5330275368065 3678.2751076776867 63.56333830622314 21.98452117603055 5.671213124863874 -72.08843418517772
2147.858218148358 3677.882055775348 -0.46286738034540226 nan 5.681740316142709 -72.08698766675704
2811.6851876793457 3678.247518357831 12.181568730435545 23.778279871257325 5.709128045164497 -72.08324177638188
3087.8250988313175 3677.9619052861262 13.642378117847118 23.655312714920594 5.720509533503004 -72.08167687442655
1245.9187037166998 3679.4181542415213 3.8792737697581483 25.020661846302207 5.6445482311970325 -72.09209685285396
2284.066348669853 3678.8212235476303 13.406013150748844 23.674288818335906 5.687376672190072 -72.08623033942364
2822.3566150678207 3679.1626113053712 183.73461177370527 20.832060480926497 5.709584936253154 -72.08319306236716
2826.6537210382066 3679.171264380554 19.03785041119621 23.293493145908872 5.70976230175289 -72.08316888121975
3080.1549730401402 3678.7069543773437 14.17086118622161 23.61404731146932 5.720206973488575 -72.08172970110506
3276.444643332127 3679.084096095939 87.22196353739557 21.640973272874195 5.728306862039642 -72.08062428478041
3676.518281964178 3679.4978763849317 5.592817789847734 24.623461244684442 5.74480636934418 -72.07836570864359
3712.247054327538 3678.9573077342925 1.425691605219647 26.10747394006602 5.746269046582751 -72.07815661302413
4181.0590826470125 3678.775432858528 263.40466077776 20.44097928289814 5.765585585956518 -72.0754996119649
4261.463346115986 3678.9045368370726 1775.9778857235674 18.368944036817567 5.768900890088871 -72.07504576046543
4306.542965097443 3677.069219006444 2224.5032162066427 18.124455326064957 5.770724466104073 -72.07476708754312
1446.777345646005 3679.6534116311386 382.48920312877476 20.03598996995179 5.6528431396468735 -72.09096699476424
2115.281053735571 3680.4438963628418 122.26904969738332 21.274246579081105 5.680443346467561 -72.0872041321825
2549.535163393001 3680.3083573701992 1268.4867906401344 18.7343230483807 5.698354264899101 -72.08474949117571
4158.314806594895 3680.438490259932 10.995688151508812 23.889481885220874 5.76467902435785 -72.0756495374137
4355.035559219081 3679.952101687424 681.8875880637527 19.408255957670015 5.77277546234181 -72.07452888864603
4473.855427394787 3679.9345312422847 33.21991110388986 22.689041756168965 5.777670344030276 -72.07385535385356
224.86652636036393 3681.463608428706 4.4961577477399475 24.86043407090689 5.602425313263958 -72.09787613338659
1238.6996634777674 3680.831782696228 5.222275498041292 24.697888473446746 5.644276165793588 -72.0921555043655
1539.0294084034772 3680.526515055938 -0.8586599807601036 nan 5.656666592107044 -72.09045765580754
2288.6239015199308 3680.6319755183226 22.749511614701404 23.10010772683712 5.687597931720037 -72.08622757334702
2339.426428313619 3680.8473416196553 12.131404253399813 23.782760233756434 5.689697564550105 -72.08594335165995
3147.3690623338143 3681.543445395928 169.79956808563134 20.917696468026556 5.723030437898044 -72.08138556221746
3367.142026133472 3680.7324886334172 20.954281696543287 23.189355976035 5.732076266305487 -72.08013210256186
3989.32315167367 3681.2948091571675 24.313030127155656 23.027940200457508 5.75773111993963 -72.07661751669288
4314.147459185728 3680.8595339395247 340.8455719878835 20.16114378019265 5.7711075547645665 -72.07477206622445
1511.574308477929 3682.3585473849193 28.14322688958514 22.869103191139978 5.6555670943174094 -72.09063579691014
1575.5920403331793 3681.955998121456 47.5683348138863 22.299243049315045 5.658201776048479 -72.09026951707236
1694.6077096010092 3682.5279957988114 30.549985055369607 22.780010415723943 5.663123876813388 -72.0896052269761
1996.6023434992485 3681.789254517385 19.006397230631766 23.295288416773253 5.67557160371918 -72.08789128590651
2258.4006219107296 3682.3226653019246 64.83756496442778 21.96297118067813 5.686382191957958 -72.08641972924407
2619.059035399598 3682.074852551489 17.263537786856855 23.399713421756857 5.701254203446579 -72.0843790394675
4133.131521579975 3681.9928261337 853.4879655499277 19.164544416532202 5.763669946146259 -72.07581189505538
247.61526973800193 3683.059863797241 -1.597443346744994 nan 5.6033941588103255 -72.09776831674738
262.4658484987867 3682.692725709825 47.37678782740327 22.303623891100372 5.6040008113331075 -72.0976800389598
1462.5680496936382 3683.351950963093 616.8699765926585 19.51705383753683 5.653562717276278 -72.09092486106549
2720.448901412301 3682.4177150085297 193.39393253151158 20.776430809620827 5.705442077318194 -72.08381038211567
4361.945037404164 3681.4790121528035 365.11882559587207 20.08645235646124 5.773088242805847 -72.07450910032131
1104.3433002521826 3683.508141785557 1332.6339947810084 18.68076070180947 5.638778984399412 -72.09294704271561
3142.6741381496845 3683.9711182475316 6.523603306046141 24.456319060675042 5.722881490116206 -72.08144291064778
4385.273796909603 3683.922576592241 96.96075610837643 21.52604793728984 5.774094365706914 -72.07440789766194
4444.818372489023 3684.2591013235515 15.026220086644575 23.550413557062853 5.776553715823275 -72.07407474466173
981.3711541356448 3684.588130446616 7.4131050282140825 24.317537538015856 5.63372206604271 -72.09365399243893
1462.7375674089112 3683.0305388905063 616.8699765926585 19.51705383753683 5.6535638176614125 -72.09091982553637
2686.1292414548793 3685.5104936682906 3.5159683559162875 25.127425526734694 5.704083497392984 -72.08404358858398
4362.860913529522 3682.738207539468 339.1922137458427 20.16642323518034 5.773149158556092 -72.07451987799627
4455.501068936245 3684.7287702120193 43.74419184789879 22.390236927125233 5.777002466355073 -72.07402016141276
834.2484998362019 3685.612023398464 4.053960156910853 24.972839230919753 5.627666595809418 -72.09449620396491
1715.0660088716518 3685.8406656562624 23.32453082474052 23.073005629469215 5.664028913612041 -72.08953181826101
2903.9638606524 3686.055327917229 292.65421720350275 20.326650954137804 5.713076890489362 -72.08281916294648
3150.1369899999136 3686.064448452657 3599.134102550648 17.602042849484203 5.7232276687578345 -72.0814272575102
3232.7342317512284 3686.106053997685 11.8921889110268 23.804383422325294 5.7266338755607595 -72.08096060943411
3321.051796942908 3686.0237220272516 31.942232141003227 22.731624767034354 5.730273459708715 -72.08045996914325
3337.399233628414 3686.774362350787 65.2256773127053 21.95649142711509 5.73096120137505 -72.08037700879993
3753.787074008 3685.963486112242 85.90084171642542 21.65754437261171 5.748110034380926 -72.07801032393677
3825.666922259705 3686.489740831872 5.670798693281866 24.608427344509114 5.751082202440609 -72.07761006735873
3851.5516732366314 3685.6161265631968 1239.3207222291776 18.759578642452414 5.752132922573257 -72.07745243630734
266.4968311410373 3686.406046555555 -1.189121324080684 nan 5.604235320847425 -72.09770448771205
340.8305008600293 3686.754408393001 41.991359018297466 22.43463809485597 5.607311840784447 -72.0972903409352
950.3587577834913 3686.501296222299 -0.8456568819978844 nan 5.632476779277729 -72.09385308562534
1947.326995600193 3687.038798757332 16.86173404241764 23.42528233364765 5.673634856461764 -72.0882360836896
4321.302194857214 3686.876983634836 20.035520114380304 23.2380363684623 5.771513112754529 -72.07480783395742
378.92130673268156 3687.6342886562547 52.30616979616757 22.19615562285259 5.608901137691282 -72.09708700547313
1255.9120631939695 3688.3405756372954 4.370239982409892 24.891274706091725 5.645124373257595 -72.0921537465991
1566.607748360354 3687.722190181684 5.83006502156154 24.578354425077258 5.657936783909039 -72.09039338678828
2350.2631514195728 3688.386875906238 14.092093345249225 23.620099142889785 5.6902830468505226 -72.08597780212557
2851.9079337353655 3688.1429279673234 8.52468091073973 24.165842591559013 5.710968602158351 -72.0831399372105
3560.487538771943 3688.3847844665224 2781.1560339941448 17.881974533023854 5.740187193631284 -72.07913513207917
4367.887308755049 3687.0881324343354 1041.1659119609212 18.94873806915037 5.773436328052772 -72.07454655631672
4116.646282840397 3689.3278242738947 4.706843176175739 24.810713599515292 5.763125654373786 -72.07599828844873
4258.301024849651 3688.8790452493668 1743.3419453345093 18.38908147219152 5.768954202212212 -72.07519016178473
1383.4289891964509 3690.3500090502907 -0.6044247530706794 nan 5.650424701044555 -72.0914600793576
3238.6942704706867 3690.4790605427165 10.88347573826571 23.90061888739709 5.726959994876624 -72.08098236765517
3410.440251909624 3690.185826908967 2.3672438370085405 25.556930434635145 5.734035042807386 -72.08000703932365
3697.294046108239 3689.732404656037 79.12354096704964 21.74677363420026 5.745850945454632 -72.07837791590292
4360.143264981254 3690.127623810726 1211.3944252779231 18.784323994168542 5.773173230935824 -72.07462897828812
840.7330169998081 3691.232398758085 16.90072310140674 23.422774705036904 5.628037356692053 -72.09453100553756
2065.6548729207557 3690.763307444444 6.040904658459476 24.539782967389165 5.678585360737845 -72.08761529256192
2898.9675255067377 3690.7668593210274 642.7811137159748 19.47238015159852 5.712957441801213 -72.08290718123396
3309.938325208447 3690.929278920165 72.6396778904613 21.839603146781215 5.729905487040183 -72.08058506457412
4225.228148748749 3690.4409665588105 112.54658105399946 21.36420715475299 5.767620247772835 -72.07539733294618
4427.576190799566 3691.1913435314304 110.12596345512776 21.387813618709558 5.775971004386396 -72.07426035630381
879.2440606290357 3691.6707790124965 -1.3981071270481744 nan 5.629635446507929 -72.09431952906257
1048.1261297831672 3691.58322306843 8.283369718333203 24.19702030602328 5.6366062483047745 -72.09336647623628
3869.58943588141 3692.0598452314584 19.530436742376587 23.265758033166357 5.752994864189496 -72.07743203051486
1010.1837937840226 3693.151993990502 7.866761481347054 24.253047964428585 5.635068598930212 -72.09360028141576
3473.0128996260937 3693.390899491454 966.616071291994 19.029402892061746 5.736673434136432 -72.07969363993405
3878.5985349810608 3692.9485407642824 127.09022535546457 21.232257546574683 5.753382502435704 -72.0773922915673
3951.4579718745154 3692.9847614424816 13.746279825176444 23.64707497017327 5.756385809661336 -72.07698019316277
4162.906707691227 3693.420514431741 7.00231750434795 24.37943342358691 5.765107175183389 -72.07578815528007
753.4379244490347 3693.598993869507 35.94859767235711 22.60333303716932 5.624476332955194 -72.095052979674
1594.30141817789 3694.272935916108 7.502766508302924 24.304484343313753 5.659199893600259 -72.09032027388587
1937.6337790076398 3693.9461860213078 15.637326823186264 23.507131638294638 5.673361692685335 -72.08837845793639
2529.0946679401713 3693.7431988984063 3.462915551939604 25.143933169049458 5.69775796089285 -72.08503544363808
3517.97832497095 3693.8846575448533 22.36244056495199 23.118739922778094 5.738536079513892 -72.07944545502042
4143.820390488215 3693.7892697775387 61.076457540499035 22.02785332139989 5.764327502452198 -72.07590094505996
4178.47823467712 3694.5229244371926 4.1629100506386445 24.944045353430866 5.765769090842215 -72.07571392869279
4462.029496523437 3693.693303950793 175.13743104078932 20.88409048334495 5.777436479964337 -72.0740968356037
1239.69464864847 3694.707242818912 22.862453639230615 23.0947308264994 5.64457170538126 -72.09232600896168
1335.345633653693 3694.5932739599584 46.526095349441064 22.323296405084537 5.648517856676675 -72.09178513363378
2276.5879355989314 3694.9296613469373 27.40330440820421 22.898030583360907 5.687363968970545 -72.08647697152908
2486.653047793814 3694.529750493793 54.51685620568375 22.151210911899156 5.6960218242983425 -72.0852852252281
3463.403819132521 3694.3460555472984 955.1878357834202 19.04231596322841 5.736294887344106 -72.07976012810579
3496.9194268379974 3695.0443872193605 1.0561719388122868 26.43320135945282 5.737689324092041 -72.07957933388047
3562.861816263001 3694.8330064362917 2730.659934130493 17.90186887567986 5.740403658571145 -72.07920348191142
248.50041186776266 3696.0820872258423 -0.7858819182987463 nan 5.603669245591186 -72.09792866842763
350.9813286854709 3695.487618539993 45.31763483179089 22.351869832137464 5.6078910672701126 -72.09734405522893
2685.787599775495 3696.0922738405307 5.979415031614874 24.550891173851674 5.704263818984824 -72.08417977029094
2824.6642399402995 3695.8020219450145 41.880945099487825 22.43749673716167 5.7099858546245335 -72.08339111277371
3128.492949494183 3696.3400479916445 3.1504163017137343 25.246618055941507 5.72252415710551 -72.08168001666611
3580.5679176401154 3695.9620135959995 207.7440901197246 20.698716226363878 5.741154271432569 -72.0791175956572
233.5714963059314 3696.919986553657 9.867848733796844 24.006981712336383 5.6030679705403434 -72.09802336325112
489.59481927339897 3696.4840852841226 8.846198850653632 24.125646177295327 5.613633978960015 -72.09657603375825
3063.5036058315177 3697.302599479349 54.6528243251765 22.14850639567009 5.719862201199541 -72.08205976016109
4448.44621766637 3697.1254924493624 6170.63481300471 17.016713308527848 5.776940072733694 -72.07421733362784
1277.563113628502 3697.916255703447 27.618803134992525 22.889525784959897 5.646193706612723 -72.0921531873994
