hst_combined_catalog.ecsv
# %ECSV 1.0
# ---
# datatype:
# - {name: ra, datatype: float64}
# - {name: dec, datatype: float64}
# - {name: mag_f606w, datatype: float64}
# - {name: mag_f814w, datatype: float64}
# schema: astropy-2.0
ra dec mag_f606w mag_f814w
[from data line 3068]
5.622035955886107 -72.05825066924518 17.682048076211935 20.552875869606194
5.6222567179616485 -72.05822012398514 21.819552239466915 19.966838172805055
5.683402700625534 -72.04985025413379 nan nan
5.705958896640531 -72.04675792881655 22.350321520944703 21.63574662354031
5.583716902435346 -72.06350914464007 21.645982787162662 21.539658809883086
5.59400935168392 -72.06212171809862 24.917011053784822 21.571291984425077
5.618760228607868 -72.05873629247897 23.410812339943522 18.094150818713505
5.719696628504117 -72.0448951803178 19.035427040161714 21.644412891176618
5.602130417819376 -72.06101716724717 24.390458207155103 21.70576806586768
5.6301158860526845 -72.0572076391111 18.06329564287423 21.06490151776729
5.609267551323514 -72.06007915692092 24.397864329342898 22.20155064790973
5.628424586263542 -72.05746122686695 21.34181324698758 20.708091391790795
5.6456612389281755 -72.05509862089214 21.77349607214331 16.53100552972537
5.713526108074544 -72.04578689972213 17.91511109973664 17.510727333596176
5.6638341239306795 -72.05264390358731 18.471564328741387 18.77280195153285
5.670147218914063 -72.05176714933255 23.113309938712728 22.45991968395945
5.680465783959866 -72.05034345772088 nan nan
5.622460632553597 -72.0583071767814 21.056428383544258 16.61145848058996
5.668509231192229 -72.05200030537848 23.058151673500472 21.753055165035004
5.690456087308997 -72.04898935108879 23.149715288086107 21.05303118511842
5.705013804290537 -72.04698728613464 23.012755270295177 22.393226884901793
5.572994014831521 -72.06506824592853 21.99025316106167 24.542270526109988
5.692289031111515 -72.04875380110937 25.261416352849174 24.93092777100787
5.70865215541508 -72.04650029275454 21.577118371777498 22.660798209492583
5.653132037406869 -72.05412966984635 22.80056580548174 21.556330738097362
5.6793686823989695 -72.05053708545125 24.515519601534645 22.756399284247145
5.698232552954959 -72.04794952328723 25.047828972185176 23.78533013397842
5.646242776892073 -72.05511260635109 20.003888665957554 21.22884224419915
5.716091978546063 -72.04553227394287 25.028825763196345 20.540683627137014
5.562746804617211 -72.06652914637854 20.774604936781728 18.538323997848003
5.648939596039467 -72.05473930134916 18.14263432864131 18.823992975163314
5.6704404323503255 -72.05181228148919 19.738900066729254 17.876985299600832
5.642382440509625 -72.0556740470134 nan nan
5.660737102323232 -72.05315149785264 25.63962518604326 22.33092406183455
5.69677890220118 -72.0482160768076 23.144491984767637 18.493269136166642
5.5552853295735805 -72.06757007693845 17.843284029218985 21.56357082431605
5.575953502441437 -72.06476500834086 19.735396971339004 19.453841677966363
5.595015427091626 -72.06215688216082 23.250320020697654 19.601928903850997
5.6087858693765575 -72.06027489984638 20.21913038826645 20.576679155264223
5.622362412716733 -72.05841530260916 23.358780611631406 20.361883216495624
5.575001895541237 -72.06489901518458 20.61483170907409 21.96065369917159
5.646006588836574 -72.05519923950175 23.132508237805336 19.678183314286006
5.658748536274736 -72.05346386380032 24.096982601257707 18.208355460521393
5.718122585240782 -72.04531139069906 26.926766967450337 23.952919979410698
5.657832857561877 -72.05360418969114 18.62303263175305 16.062653365268027
5.670806062592364 -72.0518214048369 20.343815894707774 17.939167827311728
5.684053726234153 -72.0499997744943 23.083071502988552 20.58610497456145
5.574642284326069 -72.06499032034435 19.958134233020182 22.086092705961345
5.591272178865483 -72.06270713355627 nan nan
5.604635191411342 -72.06089538826977 23.61813130809698 22.023546885623436
5.625639658664079 -72.05802330989086 18.352672037145894 18.036569576603675
5.669694062035924 -72.05198796679286 25.46583965830949 25.33756947908415
5.715272605216466 -72.04574110642939 23.983289559833377 24.330626130110353
5.574351772272583 -72.06504490039579 22.97978688374689 22.363218702127178
5.58956918906755 -72.0629697021154 nan nan
5.689467689156556 -72.04928407689836 19.484280905171733 22.596494980484408
5.717309693075813 -72.04546655566072 26.712315877063464 20.018379050113616
5.569404173834992 -72.06572567094008 22.264253656296145 16.86127912813911
5.588114178387554 -72.06317385581794 nan nan
5.634924694027241 -72.05678864449843 25.505440717771073 25.349657385294922
5.720907684370593 -72.04499012691296 22.1614557459201 17.61678768068809
5.721004649617801 -72.0449818927113 19.026711394256516 17.61678768068809
5.553366032840865 -72.06793084756788 23.819733477538044 20.23618734377939
5.629656165137298 -72.05751648701951 17.40742768117593 22.415274797459087
5.679834601241702 -72.05065247394774 23.130444883812878 22.415009712492523
5.690227615373633 -72.04921657010155 23.16031145043322 19.580289274124933
5.659787572500622 -72.05341121212732 19.413483386339735 17.9081174207439
5.659758576805954 -72.05341782323562 20.167871752132974 17.9081174207439
5.668919695407536 -72.05216074279512 24.214408612010434 22.67961408296459
5.720585010553578 -72.04506152628807 22.97063297082496 15.941090492058933
5.635176702738738 -72.05678910818192 23.996013327064816 24.08249591826022
5.683514414010046 -72.05016142327271 24.951250683552715 nan
5.716550385533718 -72.04563876528714 24.977560254177163 22.117728968857964
5.713444805510189 -72.04607480738103 22.65467046706315 21.369330513660294
5.576490270564092 -72.06484140145471 19.642719677862377 19.659582512374385
5.584486616641702 -72.06374698766002 24.92004720429189 nan
5.595858351764386 -72.06218697047777 24.054508954376217 21.181640477664367
5.628322753397299 -72.05775646630383 21.09401349478039 19.102921586625847
5.629178203629733 -72.05764489490426 23.275841213410814 21.754071890816668
5.643632465463914 -72.05565998840032 24.004377259645544 23.58350040174761
5.671767194855276 -72.05183135967145 22.42082766354327 20.39390809535102
5.593051319449648 -72.06261023972024 nan nan
5.6414920067337535 -72.05599764831463 25.321482872998022 nan
5.672800115828169 -72.05170022620268 25.265231706504323 25.091771864533992
5.674098809878553 -72.05151552938435 20.091593706160253 19.66444712485855
5.681898462208355 -72.05045057187677 23.030676181043166 19.455156076563238
5.698672788183234 -72.0481537234845 23.9151566710962 21.959546777913843
5.707506878500057 -72.04693886109757 27.244272214325026 27.343599298681305
5.563565951126802 -72.06664925792181 24.166268229285286 21.65126878948415
5.572853871775315 -72.06538559430174 24.333465728810843 21.821125008911338
5.651374191753072 -72.05464067271564 17.477775532976555 16.645421299743873
5.613548390944528 -72.05983593930776 nan nan
5.622790530601928 -72.0585828709681 22.75322011973013 22.021904565509615
5.651611076240155 -72.05460021475955 17.46102037761717 16.582925532181903
5.659198379803374 -72.0535923472085 23.505120145322735 18.14839283253221
5.71347648359119 -72.04614538383176 22.281719827491706 21.36487881436327
5.602898269951453 -72.06131642153858 nan nan
5.660352461729368 -72.05343897154086 17.79473760616459 17.849044579794885
5.7203937710124375 -72.04522003102024 22.451202784713242 21.906450285131022
5.55985557103336 -72.06719377407468 26.109086416285855 22.232957762495147
5.612211031824144 -72.06005314370734 19.97791662112572 20.596042004537107
5.62576557340333 -72.0582012561111 18.357034969375658 17.791089913789754
5.6755724907735505 -72.05137383754959 20.90152830974438 22.793092559030327
5.67989074065405 -72.05079268260515 nan nan
5.56935966724722 -72.06592148579344 22.803020542978786 21.824702170159934
5.614006232876911 -72.05981991906975 24.499335156027247 22.85519480691892
5.688885601730733 -72.04957476659835 25.3213808734129 24.854363469772316
5.694603256417514 -72.04878281651825 18.0595171308838 20.54472472979405
5.585895546398149 -72.06367786357025 26.821594616477658 25.849036607145678
5.610351493710801 -72.060344314441 23.342170628617247 21.36812222307033
5.61198022830846 -72.06013422105346 22.418945540578648 20.61481176755104
5.6737853313652895 -72.05166980178063 23.12245870945606 19.935073486334637
5.7005545151854955 -72.0479994603832 25.866844375324753 20.05988327632126
5.714222006754904 -72.04611757678175 21.710257050001104 23.1614152012764
5.556044215854342 -72.06778058382369 22.156878240946625 22.413144081777983
5.580837658557596 -72.0643920848951 nan nan
5.675258150829633 -72.0514904433484 23.5002472424433 19.126245277318183
5.612896498596458 -72.06003078859668 nan 23.41271367693212
5.666151612826117 -72.05274958450775 21.4818023023363 20.641578486537803
5.670950331502708 -72.05208517092693 20.30936350002856 23.215059071191195
5.710631105799675 -72.04665147507993 nan 19.21246053656448
5.582702175786912 -72.06417614466953 nan nan
5.585147468715756 -72.06383636720098 23.990425926995247 22.311422062945375
5.711947861957727 -72.04648572528039 23.892429429713975 23.398628621706678
5.713793463033394 -72.04622756214862 23.174746615049035 21.22892205451913
5.556649045857496 -72.06774017382114 22.446603375390488 17.69838307513686
5.652924789226446 -72.0545897220564 22.166224212769038 21.026886390776887
5.665918354856392 -72.05281888003076 20.756099526817607 16.32168191843312
5.674785788482667 -72.0515980259691 22.019818012682418 19.193076450277495
5.71594641492911 -72.04595405525492 25.754095604047432 25.63545595393512
5.616918640904448 -72.05953864973937 23.238351017169666 20.405168436001578
5.653276675447517 -72.05455215286568 22.58276781673006 22.650194082901923
5.665459121410145 -72.05288249155882 16.87615340893444 17.34030165991579
5.673550658081277 -72.051783509901 23.578967872601115 23.166338059419328
5.689444199011694 -72.04959519488884 22.44894267039387 21.380771901621827
5.7092034414277375 -72.04688516939281 23.076892304444687 22.172079708193017
5.723339601507724 -72.0449415530212 23.569850844246655 23.456465071143036
5.598240620445744 -72.06209427936754 23.12383622452952 19.289594109925318
5.619580410336063 -72.05918840822005 25.983438580885252 22.775594900127707
5.681646113778007 -72.05067634907736 19.921242243375108 nan
5.554852292898731 -72.06803640958367 17.683749524942144 24.20701345733828
5.636005435321021 -72.0569537539122 18.410318162446508 17.642016953535393
5.650240457323895 -72.05499826599453 22.76644576951955 21.079068535070554
5.690997935097461 -72.04942508856328 26.02667558841514 25.29964072604997
5.7221605889961005 -72.0451318228435 22.188572468107573 21.242116849684255
5.608250389917049 -72.06077061798025 18.384105129672253 17.648445518858516
5.627527716684208 -72.05814312761112 23.232815440226965 17.407065743391023
5.6628109576927 -72.05331329722026 23.411125214558933 23.07943559631568
5.668623881459829 -72.05253724456563 22.391095628487825 21.57461739304897
5.687161649828868 -72.04998336651303 22.349457739935392 20.269475016353624
5.721607948542824 -72.045256740739 22.47016031967239 23.17393742886761
5.606344000794474 -72.06107417753189 22.94506295063384 21.978298382356115
5.627531217415654 -72.05814576097336 23.232815440226965 17.407065743391023
5.700457732032145 -72.04818687166264 19.325110762707876 18.59534461996165
5.703454761456092 -72.0477299872069 17.51587310045015 16.618071373155193
5.717512049059054 -72.04584488691205 22.613023037605828 20.887567499076283
5.598331219993501 -72.0621776963862 22.690764546972538 19.310501015029846
5.659048254691669 -72.05387622014807 25.476081747432136 18.035623071459476
5.67061757013093 -72.0522833552993 24.9288659451442 21.708795352388332
5.563095499507041 -72.06699302917747 20.581356030774646 22.552749103518142
5.685694254057212 -72.0502365394137 nan 26.73570168852356
5.716678716942929 -72.04598337268773 24.196845035119917 22.651625584138166
5.680298412289365 -72.05098463185631 19.65238809772589 21.176512699973127
5.618441182247827 -72.0594783561364 nan nan
5.629591246551718 -72.05795194473154 23.971571764522583 23.01933347572057
5.661750450438924 -72.05355813772667 23.26387170430063 19.242476301567294
5.698432756390898 -72.04854122315197 26.12081279723472 nan
5.577241267358842 -72.06513334397204 nan nan
5.69021291047651 -72.04967181582447 20.221135781012237 19.838891081529766
5.696721105742555 -72.04878429780999 24.13963210644263 22.767731419865324
5.584857120273779 -72.06410396548041 nan nan
5.680012854682229 -72.05109340072228 19.7264081264169 17.61698173831182
5.682585968413109 -72.0507472166018 23.452050770535692 20.209835868640415
5.702104573914517 -72.04808262102843 22.451285428560965 20.812700080727403
5.634922085837706 -72.05729195845305 23.92626698120576 22.03242563294962
5.6378808494000765 -72.05688901889175 24.958263768856135 19.585467081156263
5.664979552123729 -72.05318488956821 22.332678544318288 17.49363830880715
5.695429997205991 -72.04901550381156 22.700303774637103 19.08806535853457
5.714839513767593 -72.04633817157017 24.468675419566836 25.015130574746234
5.5600193451924085 -72.06753429445874 23.31725450765838 21.35440028981325
5.571857513824794 -72.06593282044058 26.007190527557558 22.39671206635576
5.6268959771264795 -72.05842162557495 22.373947818260277 21.422994078784953
5.639742696565774 -72.05665296218591 23.719730412898752 21.36697606642904
5.720986917144264 -72.04550298438421 25.080896931955447 21.70959347718765
5.579415282405994 -72.06491217102635 nan nan
5.695066335089608 -72.04909138359665 22.84025923625622 19.2066385957741
5.562861958328131 -72.06718446277563 25.142601083305966 21.58517814722172
5.645851113990716 -72.05584458478951 19.96167750662937 18.170597591169734
5.564338597499255 -72.06698803454434 23.54775349910333 22.247722339895304
5.641786779524486 -72.05642561597023 22.649948439813056 20.28167182156267
5.708502082281517 -72.04728005444862 23.91813977346007 20.77597705003553
5.68639002291272 -72.05031819830677 22.25399494168486 21.218660238804976
5.630864013219131 -72.05794852006218 18.124313447868097 20.433041334487232
5.653959024585155 -72.05477757683855 23.192188505276672 22.75108568670843
5.604854665253955 -72.06151390088414 nan 23.075105989456965
5.6449468733640185 -72.05603564687381 27.5265321764392 19.64894936166589
5.657777073239899 -72.05428181205079 23.32848481197358 26.0778842001866
5.6800874171501565 -72.05121769851408 22.316780930895113 21.361777066234573
5.697632115092669 -72.04880560795647 nan 25.009063320368448
5.573833697127935 -72.06577127402541 nan nan
5.639382753979232 -72.05681539845538 nan 25.207441497417463
5.643217282038044 -72.05627751325706 18.18408513351035 20.429235654409354
5.683029200006171 -72.05084222436392 21.573286812346176 20.119636056853732
5.593744486259983 -72.06306997921453 nan nan
5.668252690127444 -72.05287931032628 23.078149063931516 22.397585669948867
5.679254175707517 -72.05137650023725 nan nan
5.624688820826281 -72.05886171019068 21.480796800991754 23.78517313282813
5.625580039760181 -72.05873934995542 nan 25.742221140559746
5.696228802135904 -72.04906861778366 20.39989356232499 21.52261453984974
5.701442021042797 -72.04834769156082 24.347290125541775 22.745653848197257
5.56331370610683 -72.06725278209258 23.027079358378913 21.75635526826338
5.634560455481298 -72.05753540210311 24.60225603528323 21.608639150024484
5.64522272538509 -72.0560678199681 24.52192596595902 23.137424117013268
5.707164378575901 -72.04757116719334 19.947028031608212 22.575338384900686
5.71464325343048 -72.04654989324361 19.70466069222779 22.15029743610043
5.614372680141094 -72.06029590908665 nan nan
5.622383679168038 -72.05920207499777 21.545796203341947 17.785851789434915
5.636700917181251 -72.05725739441613 23.773839999983178 23.60770323043084
5.671927979371247 -72.05242116786057 25.276092426172973 25.500478980791776
5.710696664838586 -72.04711695371284 nan nan
5.7202092499698 -72.04579851981292 21.632228549131607 nan
5.61587520330752 -72.06011488244776 nan nan
5.658831319081081 -72.054237736246 23.234314578732107 19.028754349733
5.705398547790532 -72.0478436983036 23.462828060174992 23.037713870491995
5.567883132908767 -72.06667348579951 20.952284173944236 20.39721384922091
5.6042270703805075 -72.06171297554523 23.443221006284638 19.773544757843723
5.606942413291534 -72.06135582148215 nan nan
