hst_f814w_psf_stmag.ecsv
# %ECSV 1.0
# ---
# datatype:
# - {name: x, datatype: float64}
# - {name: y, datatype: float64}
# - {name: flux, datatype: float64}
# - {name: mag, datatype: float64}
# - {name: ra, datatype: float64}
# - {name: dec, datatype: float64}
# schema: astropy-2.0
x y flux mag ra dec
[from data line 1328]
2315.358534025082 208.0690886181501 8.943657122772219 23.562332513400282 5.596243904851984 -72.04641930969457
936.0556067135324 209.49241687835257 31.983200317218984 22.178815570789332 5.551474684398278 -72.05971171724651
1178.1994789904377 209.1959199119843 -1.3425059238479498 nan 5.559337341074733 -72.05737844081385
1460.1982627992322 208.85763489712892 6.36457091775311 23.93169754114205 5.568491853961918 -72.05466079770765
3809.319031293202 209.4595475504915 416.15757749811553 19.392975849219265 5.644753979637209 -72.03203970805326
353.9274601676954 210.53291508200022 274.4987628551328 19.84476938752333 5.532574538250114 -72.06532303952052
402.83377835426495 209.8693857193474 25.105032267782192 22.441718406384 5.534144837864685 -72.064845914614
2177.205850211913 210.0249921950039 -2.196851738170702 nan 5.591819307237239 -72.04776930449462
3415.604642253525 210.12259758726856 2.807821370856934 24.82019667814399 5.632009217716696 -72.03584073587243
3845.229790447892 209.72393396572818 904.7953050561212 18.549744520200147 5.64592632233347 -72.03169622283752
263.0187492601635 211.2603627687582 9.68560498590709 23.4758034837501 5.52963959212251 -72.06620483308666
1752.470668634904 209.72570681525664 1025.1519260387581 18.414149786224726 5.578015123610802 -72.0518558944137
2868.5898410048294 210.6229394006238 -0.8947361776201802 nan 5.6142802240348315 -72.04111617658741
3868.393945866363 211.05447987985872 127.49383266975553 20.67739742389736 5.6467187603698745 -72.03148625443997
4147.360948010549 210.3820645671889 -0.9023882310193347 nan 5.655739042323053 -72.0287904099464
38.912786936324075 211.96504120576276 114.09630337857496 20.797941431467283 5.522369233831777 -72.0683675136865
443.3929091581068 211.0366324874119 181.19918174400934 20.295729785754723 5.535500717980615 -72.06446741975505
1047.7076276775902 211.8922638570611 3.1765674521233978 24.686225161920053 5.5551796291128035 -72.05866128981665
1683.7468631565382 211.60928363748195 147.81441653463898 20.51682838257714 5.575841341071037 -72.05253637028132
3254.5027389191528 211.4952067033492 848.1105942130903 18.61998914553768 5.626827161222822 -72.03740683467835
3754.1493369478585 212.18003586965298 89.60841833781194 21.060248336827076 5.643050516557432 -72.03259865824826
3815.9838337738256 212.44653128052505 398.01460350536667 19.441372848639865 5.645063356222936 -72.03200533908236
310.5380983735037 213.25163608236488 12.136444552111318 23.230891676001164 5.531247853945638 -72.0657676701733
1568.698850336662 213.23454145865242 21.08079959715567 22.63140266693829 5.572154197689758 -72.0536601784767
1940.0646039943474 212.55803280752656 75.36342216793514 21.248218838532836 5.584197162634028 -72.05007810709051
159.6168235332395 214.44178745507423 5.281485522553348 24.134230132037995 5.526374508059781 -72.06723133910043
313.5884420095723 214.30624742265405 2.797622341249902 24.824147647411074 5.5313800413002125 -72.06574889224235
751.1332591930457 213.98342087662607 103.7086784146235 20.9015826162319 5.545601964920883 -72.06153611271628
3882.4955249556156 213.98255078214171 53.204731338086106 21.626244729856246 5.6472673408578675 -72.0313796109817
28.44195730527821 214.5788043811041 102.17977371447728 20.9177080247538 5.522110126569844 -72.06849441237985
218.23145370019648 215.40563876019334 36.94685276845656 22.022176741312006 5.5283118547177725 -72.06667718289128
268.15429778020456 214.47285818900824 10.750705408315843 23.362527962543552 5.529907040782569 -72.06618761639007
365.51338193529074 215.4868842342382 237.76812971354306 20.00073626208983 5.533106223714283 -72.06526121268007
2407.0863605995064 215.02920945701987 132.65612587241247 20.63430209145281 5.599439331715025 -72.04560555999979
2606.5268469938833 215.06622180554047 110.3903069621144 20.83379301370317 5.605914409732653 -72.0436850183007
4012.8353169336983 215.23508936138956 92.13649703461014 21.030041124527163 5.6515310399938965 -72.03013575593052
333.8111830678699 215.94165051739455 5.258021180035842 24.139064538239722 5.532089058646591 -72.06557073899197
921.6629016351086 215.74807494679567 6239.337864865337 16.453274107065198 5.551202158621055 -72.05991286804544
1079.4142728431793 216.45081971412355 403.44575853270305 19.426657481061284 5.55635279697226 -72.05840180491712
1366.153802476485 215.52706537927435 4021.052751342556 16.93027093977497 5.565644029975395 -72.05563280818232
3844.7529420123033 215.8268847010347 33.526227700364956 22.12765864044752 5.646101550304566 -72.03176184748324
4140.1916920443155 215.7201694874838 16.489337710988558 22.898112334432604 5.655673510016144 -72.0289128956311
318.4737642658763 216.83022870325814 4.647684464640473 24.273028776791776 5.531617831481405 -72.06572718264951
441.8142319936147 216.47416958342686 60.75477551266017 21.482169314926733 5.535619234145377 -72.06453707764683
470.7068013700923 217.15756311954402 514.1213457917551 19.163456276911127 5.536580445817415 -72.0642659643785
2756.239211485043 216.89852215592697 34.372220683154524 22.100601387493573 5.610830503042522 -72.04226125495825
3595.5810822007375 214.79610343776125 1232.8304068450548 18.213862022687728 5.637991297163448 -72.03415306823725
4117.088054047132 217.36104668992073 3.7273182971276295 24.512629163072717 5.654976086761941 -72.02915202643318
212.22031063485542 217.3259330221058 305.92365392178976 19.727087721676806 5.528176256300456 -72.06675424361829
262.592396436949 219.54862209085275 11.15076396076803 23.32285880923852 5.5298846467688225 -72.06629196956553
344.2424713980432 218.47674625944833 7.027752661683512 23.824079195393804 5.532507622183047 -72.06549578867185
1035.5491121706204 217.45820913170803 2.0690340200194117 25.15170128717922 5.554958245018579 -72.05883403784918
2932.8162231004985 217.62478145111785 -0.7901519204376034 nan 5.616582950187108 -72.0405674952545
4083.2611140782387 218.29065390113647 71.94303013079337 21.298648551946194 5.653908909660129 -72.02948741617108
2381.4368055637237 218.76147589599856 373.07076380556725 19.511642325418578 5.598723246547057 -72.045889938543
42.55790349477452 220.38995332292043 32.569093527773084 22.15910618785442 5.5227510521060985 -72.06841686825662
1897.5093370430836 220.4927480667977 -0.6660356588866712 nan 5.583062857540032 -72.05056726863975
702.25562307577 221.4102609518582 37.356263510478875 22.010211790551846 5.544244464472618 -72.06208079579741
2244.750314927146 220.70775488640615 21.208252209419054 22.62485816766029 5.594346260922835 -72.04722577355354
278.41579810348094 221.4856895509892 27.193826576996425 22.354944557173113 5.53045998873544 -72.06615916338131
2305.275086870189 221.504550618282 79.10190328567157 21.195653033009716 5.5963362876673495 -72.04665087694875
3888.5061409175605 221.6058386304754 85.04230362497384 21.117032826573173 5.647700358506208 -72.03139790474303
1430.608376704986 223.1906966281883 30.37883722400765 22.234692499040012 5.567978085940537 -72.05508912992177
1492.4895797120907 224.20486988779487 11.695467353824341 23.27107641364753 5.570020640662973 -72.05450362121725
2224.165256064837 223.8195351628372 65.11156763818353 21.4069749871016 5.593775093712786 -72.04745515231392
2944.6781897018454 223.94195616138907 59.567245206004735 21.50360157657806 5.617165195233529 -72.040516418798
4144.122372204791 224.00641888037225 14.96882783176057 23.003150883035914 5.656059792076392 -72.02895785053498
146.13291989761296 224.3784568108554 5.188896794153061 24.153432784236713 5.5262461676138965 -72.06746059332085
2378.678131954281 225.4961268434458 374.8543367403892 19.506464017113238 5.598844099177129 -72.04598390317366
2471.827615013698 224.81706435057225 -1.1486193101996 nan 5.601846811233411 -72.0450799740585
2500.503972535333 225.10534319051112 480.0056706482724 19.238004446081362 5.602786684921028 -72.04480666404282
919.8135280677404 226.2795871243568 327.64118078045414 19.65262416014517 5.5514710458278955 -72.06003613728093
3788.7671298322966 226.46147732592408 0.6153531936044493 26.468309218989532 5.644618973221202 -72.03240781711848
1667.590416999253 226.878734786876 17.23068122660356 22.85036424638808 5.5757934947070495 -72.05284477238958
1721.4567782931529 227.50555891663606 22.259876363093007 22.57231349660614 5.577563077865453 -72.05233246607742
1773.4101503961622 226.9771777045825 1299.2030108322265 18.15692782028965 5.579234328046542 -72.05182699708527
1573.0048423435708 227.92421013910698 32.80778270247788 22.15117816666148 5.5727530438935045 -72.05376579391911
3490.3600844857474 228.58438605976482 34.77655474156886 22.087903978848914 5.635010259115671 -72.03530499728203
4085.896899780439 227.62405747732666 49.00708259614442 21.715473242111692 5.65428595429119 -72.02955532741866
40.28925042019684 228.70578280900224 67.20293852525599 21.37264970744146 5.5229370098746635 -72.06852200930892
2913.296322392322 229.30096038348745 56.556250302851176 21.559918846462743 5.6163144094309905 -72.04087236094038
4050.7020086134926 229.122739901983 1.432672234840193 25.550753255288086 5.653192189449426 -72.0299095902906
60.85960902243269 230.5957629238042 184.01313754896353 20.278998290149502 5.523665479910947 -72.06834309387669
79.738905250849 230.5620092442843 2.6559375198342416 24.880575730761205 5.524278806627041 -72.06816116674358
647.5915691699813 229.5740468683001 -0.14493011669673436 nan 5.542721715621812 -72.06268852525771
2336.848755688675 229.44941389695043 1.7987226735658055 25.303709843331788 5.59760960346022 -72.04642631451297
4104.880857675572 230.19913714023411 104.60895565131206 20.892198200170217 5.654981626866457 -72.02939806635928
2070.880140797167 231.4428713018312 1236.950998187215 18.210239127683984 5.589035713793066 -72.04900753025741
3993.5132218390822 231.353545275984 3539.3610670012 17.068808192828733 5.651408435587017 -72.03048318100585
48.41442120887417 231.8560061305137 77.39924659937827 21.219278532916267 5.523299845178329 -72.0684754227731
158.31532577374645 231.74651493949892 11.924456238494335 23.250023905905323 5.526872762210764 -72.0674172326547
2255.0048248616135 232.07949319924182 1080.8712432537307 18.356685459859335 5.595034504847765 -72.04724082958897
3767.3573231520913 232.3209689848358 3.8427891920706374 24.479503964748513 5.644107998796265 -72.0326727694316
1691.2762425791027 232.765994042167 63.18974427307461 21.43950387169156 5.576746940236789 -72.05267568344091
1760.4543500450936 232.62855051612178 642.4373468992652 18.92154341640544 5.578990018130748 -72.05200830344107
1845.8173521802478 232.8974103920743 678.5146103411573 18.86222235695338 5.581771362436079 -72.05118913690869
3123.29807695665 232.82068053077003 -0.556677372944318 nan 5.623237513226795 -72.03888434287421
29.852231250210682 234.18063934750725 8.175479641401614 23.65983726268508 5.522768386413353 -72.06867725039834
699.8558579728822 234.40278314513617 52.57718396231965 21.63912706229441 5.544572322664554 -72.06223401999104
2394.9522290548675 234.4575439131047 45.68570551116042 21.79166952621016 5.599652415166855 -72.0459168480671
2836.457869397501 234.1741866451666 63.8828854841417 21.427659055489855 5.613973411696876 -72.04166134551609
3416.894334153168 233.93400591508416 36.25438811488744 22.042718916919902 5.6327950184591185 -72.03606646965515
3906.814804585041 235.02350729513063 619.2152804742072 18.96151620376672 5.64871304829277 -72.03135559598442
1403.8834847280948 234.65107538537853 27.042923446653933 22.36098626928643 5.567467650294029 -72.055461120921
1680.367059545244 235.20520778547683 49.09702916294631 21.713482331237856 5.576468729205364 -72.0528051268284
4146.029419986587 235.59985117114397 18.964038593883995 22.74629328995887 5.656483835404477 -72.02905537909267
805.7908760369196 236.1596324086463 -0.8645416087195237 nan 5.548072169948956 -72.06123229501719
1908.236944994715 236.49738442778474 6.8754419026235185 23.847868824567428 5.583911328347298 -72.05062418352523
3613.4008806010374 235.48080390270437 49.11804857386819 21.713017605529444 5.639215367874618 -72.03418819838816
62.22589919093408 236.45196912341186 4.556371640659503 24.294572515917586 5.523892893672987 -72.06838862787767
1056.0635250873413 236.97727709514854 13.608338791042327 23.106607584005886 5.556234969157894 -72.05883208329936
1457.3240365269428 236.65413014954868 2.716028690056574 24.856284483198532 5.569266872596766 -72.05496676779234
2058.589135581448 236.85722331241806 854.3604257818539 18.612017557404016 5.588805721009522 -72.04918007508161
3229.6505583007324 236.85280538548832 41.85470883916761 21.886759553367835 5.626813346484622 -72.03789994771934
3975.964279354624 238.45786789779063 2596.039417550056 17.405342160203297 5.651061641336018 -72.03072338127959
96.1829852281552 239.14605472981313 1042.3444814994095 18.396092187546863 5.525082100330849 -72.0680890042922
847.552766438079 237.69660437588132 65.25238115494575 21.40462945531704 5.549478162052132 -72.06084583273413
2350.8062409596705 237.80642439413307 652.986925133047 18.903859152643026 5.598323848923941 -72.04637552674696
2556.7658449273254 237.58973320804932 55.813804326431125 21.57426630245715 5.605002987386001 -72.0443896920186
1817.613541992595 239.32815163062446 82.78818637403116 21.146199444455597 5.581056128181432 -72.05152505515214
2419.8044907654235 239.15344290136585 177.20946913567843 20.319903054748536 5.600605931359877 -72.04572448655186
2758.4944493092826 239.0136081315241 28.859665200037668 22.290392144790673 5.611594651437067 -72.04246080060865
175.63781563208065 239.67757078450035 4.5743103121407325 24.290306308803512 5.527684196278968 -72.06733006795375
493.9061150744473 240.32504166700215 1.8653291954298765 25.264231646930916 5.538058861937419 -72.06427484563763
2073.8218496384347 240.12142899862434 187.58358109950254 20.258133309712854 5.589402392562991 -72.049066066684
3992.576481748712 240.32113379361738 3761.9341549768596 17.002592391576574 5.651658274132365 -72.0305818772245
3997.5419859870563 240.38984036782531 4105.995512689135 16.907574190149056 5.6518213547254765 -72.03053469848464
1250.061803331914 241.56442683727033 2508.1759882090905 17.44272535153609 5.5626844034937495 -72.05701091571717
1863.4184697932421 240.99252875977916 30.490269053255325 22.230717224424268 5.582596005290756 -72.0511007040397
2170.6428967402367 240.8690027138298 25.412889769890143 22.428485234460965 5.592569858508754 -72.04814120453561
2352.982966934268 240.70252820675327 646.6770855168182 18.91440168531092 5.598485002937477 -72.04638354574249
2478.948777384626 241.12511748107164 1.9370337075411637 25.223277420629483 5.6025874987819115 -72.04517457907957
3392.2043442831678 241.03219176370797 0.501942879458734 26.689484621849797 5.6322160996000505 -72.03637538970459
3790.7534735553268 242.6174266675758 280.67658016952856 19.820604925316474 5.645188164425686 -72.03255023126808
3987.4261786306556 240.23414871326008 3770.2585233310483 17.000192540120402 5.651488632137807 -72.03063065445156
1811.5610596494444 242.22953898200026 6501.468081557435 16.408591779282418 5.580950169064959 -72.05161237141394
2224.2852467036423 242.14975468469987 -0.7832974244808676 nan 5.594351687744599 -72.04763744817379
988.4402719121254 242.90260832711763 -1.5400122525834667 nan 5.554221623815366 -72.05954220195812
2398.2920807099295 242.7455687744897 86.06016626729969 21.104114914171006 5.600019789944846 -72.04596762189503
3787.7456920077398 243.31726533388579 291.2960946042876 19.780283710927293 5.645112527251153 -72.03258622030687
1759.7498493494327 243.91104371312318 1710.1586771222142 17.858529345450492 5.579319630323328 -72.05212802974278
3998.2104828467036 243.74818214699727 4188.250776488168 16.886038671962076 5.651947955394362 -72.03056183406963
1377.6113133971987 245.21368682590645 1869.6687057767097 17.761708718812 5.5669438582665665 -72.05581976402276
1787.0898186122383 245.35117813626124 84.17965420588236 21.128102522629906 5.580252768105413 -72.0518792250427
3001.3086399278295 244.6084212614507 179.89080031646233 20.303597981346215 5.61964826675969 -72.0401775867298
