hst_f606w_psf_stmag.ecsv
# %ECSV 1.0
# ---
# datatype:
# - {name: x, datatype: float64}
# - {name: y, datatype: float64}
# - {name: flux, datatype: float64}
# - {name: mag, datatype: float64}
# - {name: ra, datatype: float64}
# - {name: dec, datatype: float64}
# schema: astropy-2.0
x y flux mag ra dec
[from data line 6363]
933.8807050965864 1491.516971457291 126.85466466050423 21.23427181705893 5.591617481595211 -72.06607922033206
1120.5585680136712 1491.006644032529 -0.8522852276149867 nan 5.5993056469159965 -72.06502197094242
1848.069341469959 1490.6107972881193 10.803366758267517 23.90864012105758 5.629288328184741 -72.06091905406649
2022.8703616334215 1491.2313577018554 9.897240333328092 24.003752630277553 5.636503471422082 -72.05994163426381
2455.6033602028942 1491.2220011616484 19.300589975375015 23.278611459516974 5.654333523938009 -72.05750119696941
2568.2342658337457 1490.8595696202847 32.878960458528944 22.700242726295897 5.658966932865374 -72.05686116922419
3165.1101099565903 1491.5132487877754 1.7603078706738144 25.87856634406235 5.683563049945311 -72.05350024144826
4078.652574212853 1490.958881336158 4.847335781479192 24.778780158721936 5.721162603973354 -72.04833049190404
4121.1688295105905 1490.6000234943704 26.728422353378484 22.925104607900863 5.722905865047855 -72.04808549079632
794.5372685289533 1492.2451411321317 364.2651205890265 20.08899395026031 5.585884517782054 -72.06687260364068
2902.1028381753813 1492.3220607622136 31.82070145523893 22.73576354854463 5.672746215679778 -72.05499550042536
3077.8568465600115 1491.7589923676346 85.60424077559226 21.66129972138849 5.679974319889919 -72.05399607683347
96.98392861351437 1492.5453157327502 208.32725305774716 20.695672702506375 5.557116850128225 -72.07079926929
124.76747760695231 1493.0666519825324 274.5789246910703 20.395869921289965 5.558272636622176 -72.07064972427402
2429.996092477459 1493.1363477499312 17.40660578054208 23.39075268688768 5.653313593166432 -72.05766994614575
2682.903062394446 1492.7749211767878 550.915132489079 19.63982616679256 5.663725690391216 -72.05623843837046
4244.592531573075 1494.1617748641333 4318.981789824576 17.40408448871773 5.728050735450709 -72.04743256449333
141.37731071325038 1494.3526064574548 34.52187118771269 22.64730210172093 5.558981381207863 -72.0705726925129
255.27971049791884 1493.7132706418645 5.7609234979294905 24.591307650893935 5.563668738681065 -72.06992426053733
476.52997584893853 1493.4683987570768 -1.2013399921830377 nan 5.5727909944448 -72.0686770510171
1229.9350029528398 1493.7311512945043 19.700491990578296 23.25634524064887 5.60386509529161 -72.06444076516232
2350.5969881372157 1494.4492635906192 -1.906931561612721 nan 5.650066387970087 -72.05813447120023
2411.3057486163852 1493.5823054452683 120.59154198514129 21.28924579991602 5.652551730871027 -72.05778103651564
2690.343796174749 1493.4747389486045 567.8165822314462 19.607017742808736 5.664045012124137 -72.05620532997838
4405.185245614323 1494.3126963205652 15.719393885556917 23.501448430212513 5.734662141831477 -72.04652593827234
112.92297243129356 1495.4563738332631 185.33121537496456 20.82266648657022 5.557827602945917 -72.07074665204081
335.39248264330917 1495.1212225253748 -1.162791544961279 nan 5.566999302874236 -72.0694917128793
2521.9385021733024 1494.6866009329854 45.088225411435005 22.35738006449061 5.657129814708863 -72.05717093896182
3321.4408484836736 1495.2437922462811 1.4629444780592769 26.07946831101041 5.690068917105981 -72.05266461463192
733.5613041354999 1496.3034399991773 19.662847533227374 23.258421891827805 5.583443982754916 -72.06726721842354
783.5830047088991 1495.5710178588097 192.79403058207086 20.77980396389762 5.58549354025206 -72.06697647251005
2042.6727774491321 1495.749123059827 -1.62052238797446 nan 5.637402194438818 -72.05988734277493
3211.435925180814 1496.011467819126 1988.252398459753 18.24635913349014 5.68555319387136 -72.05329569054065
4131.405311817249 1495.447837377398 221.35948591641156 20.629792577213713 5.7234161182694745 -72.04808909185846
4378.456038305055 1495.9173746043487 126.09046594448857 21.240832297081628 5.733591693264023 -72.0466975262511
4412.274768033391 1495.6953987504996 54.69718746828844 22.14762543237642 5.734979252688631 -72.04650336302944
1781.740660288485 1497.0787580198712 -98.73665930553058 nan 5.626672975726921 -72.06137496382532
3668.45420768775 1496.9833117629425 1.4017665952802996 26.12584865519159 5.704388182271941 -72.05072597858639
4350.382302029877 1497.8468394275494 22.467750647382484 23.113638932733426 5.732471857645525 -72.0468808349526
143.5063343368781 1497.7712490925041 34.47406446905415 22.64880669740735 5.559131639762488 -72.07060414373046
374.53035906066333 1497.3926968669412 -0.7922759175244398 nan 5.5686552677891905 -72.0693004893934
2969.64090680676 1497.7896423201257 -0.9188984710163564 nan 5.675628046032757 -72.05468360491287
2993.116329775592 1498.3466416810088 -1.7656966365173106 nan 5.676605095064037 -72.05455813581375
3262.105922655901 1498.0321626984107 9.218702373645247 24.080863436095413 5.687676766588852 -72.05303514637403
3948.313818304729 1498.2365676208526 236.45676616414076 20.558158556590982 5.715931469617462 -72.04915984357096
99.5382632990949 1499.125356062776 39.63706803865882 22.497284115650334 5.557342377274848 -72.07086848342755
118.99985001530575 1500.0053316005747 127.51911432131858 21.22859970182254 5.558161376259075 -72.07077026939693
961.1599607221333 1499.3167187793576 12.159990992764119 23.7802047879356 5.592884936401753 -72.06602472672942
2421.532261767845 1498.7217653851576 10.737332089100699 23.9152969576057 5.653067166508271 -72.05778857902949
3374.9963226182313 1498.6125939017368 -2.2183741112604944 nan 5.692335879591533 -72.05240482572287
3734.586479124059 1499.3092549102494 854.0633550951762 19.163812700563017 5.70715332477875 -72.05038170568642
4319.07655072512 1499.3518018111438 6.309505454539895 24.49254962070697 5.731211205415246 -72.04707703748164
1673.5434528599087 1500.030506006565 2.918537545742016 25.3296247093044 5.622267444273127 -72.06202211525513
2793.821601446274 1499.8301711144843 128.1048482521685 21.223624005164876 5.66842381693886 -72.0557019857993
3291.514183740828 1499.689552708025 493.3921311688907 19.75955737381159 5.688918118700706 -72.05289006791406
4352.207213670746 1500.0369966019841 31.937636125359397 22.731780999685615 5.732587154526453 -72.0468982908606
4363.5616921128985 1500.559619296905 692.2818782579179 19.391830512770213 5.73306399362044 -72.04684067938287
3223.906156479919 1500.5747134874987 2587.1534812405566 17.960482436729155 5.686150351355869 -72.05328316237328
3623.4811002388933 1500.551426818978 200.90237338012557 20.735075252644574 5.702602134895081 -72.05102541533718
98.66199773409255 1501.7863342619835 38.089561624821556 22.540522985125875 5.557354810616237 -72.07090720504276
280.9972360491311 1501.6782450127473 -0.47884039909835324 nan 5.564875129693155 -72.06988082704848
1118.7253044912977 1502.2284255356135 24.392452939084457 23.024399231621985 5.599435211628748 -72.06517477220525
3796.5996535114264 1501.4810604135794 -0.7482976666958806 nan 5.709745975196709 -72.05005872300185
4073.9036492969117 1502.1438939353948 18.665900733203937 23.314915541331622 5.721172377714479 -72.04849923458875
4228.55246544104 1502.3222459242268 94.77569751757109 21.550795447610888 5.727540388064413 -72.04762681151837
4236.779723885687 1501.8402264202057 19.89256008750776 23.245811224628614 5.7278701267107115 -72.0475741584725
112.85831020543321 1503.3251413098278 186.35026989913257 20.81671285579901 5.5579686105638935 -72.07084695413279
117.94320624979515 1502.5960605616058 47.61206809706313 22.298245305855524 5.558165086672063 -72.07080911264103
514.0070968003776 1502.756054972129 12.362442233347318 23.76227723289673 5.574506497695469 -72.06858421854993
1703.8748275950331 1503.2233466280022 262.0924177168444 20.44640177836178 5.623576048378605 -72.06189174267075
2304.164922859001 1502.8873929606361 47.285233407178595 22.305724078238615 5.6483078022626305 -72.05850345111163
2911.5566945012356 1503.0897414204571 23.51245965575335 23.06429276262428 5.673332881155778 -72.05507877293057
3769.3506118508863 1502.7503292565793 21.518005890063 23.16053286590286 5.708647541158606 -72.05022885772793
4243.594906747045 1502.7268184104364 21.186009444449194 23.17741501716924 5.728166868761157 -72.04754685309629
98.11078757419605 1503.8473086831987 83.81829197205694 21.684190904431006 5.557369699724855 -72.07093647912065
801.2711490630638 1503.863198531568 6.192520543146824 24.512869281057537 5.586374536850787 -72.06698223983592
3554.433767144034 1504.5198512877828 16.122683795420638 23.473944579770418 5.699832215710353 -72.05146595531856
3869.809188704391 1503.6577584175332 -0.5547489766413135 nan 5.712799504284073 -72.04967246976605
4118.298550636373 1504.281398120692 15.984437349544718 23.48329453664774 5.723038781253154 -72.04827527530891
1151.5999404096676 1504.46083314517 -1.3319936683087374 nan 5.600831501339356 -72.06501803981446
1572.292432339761 1505.2249023865595 -1.650539013522855 nan 5.618188955833975 -72.06265850631769
2225.3275302589504 1504.9256027327751 12520.169777328709 16.248512375842743 5.645096748783966 -72.058973931197
2701.0402257175606 1504.9007407534157 45.008789794596154 22.359294581798412 5.664694920447176 -72.0562899708432
4261.023715112017 1504.6892131292977 4697.0409182317735 17.312977062162386 5.728920141700006 -72.04747315369083
130.36642755833168 1505.7444778947915 19.33542181549628 23.276653793681866 5.558735119309132 -72.07077926881625
414.0956039158832 1506.5414413609278 16.466303723603154 23.451047616592138 5.570454446768281 -72.06919418652076
783.9606169145189 1505.5990051065762 9.390726905787593 24.060789893798272 5.585692366735055 -72.06710168404601
2546.2121255070783 1506.5095373576974 215.4997497151971 20.65892099579188 5.658346328690893 -72.05718403815824
3419.493723690755 1506.0453292919608 280.2227143426914 20.373779582303236 5.694304326739694 -72.05224774821542
3728.5866289996857 1505.985083602573 73.78139923283084 21.822670703096186 5.707028772464242 -72.05050031299486
4266.102771307341 1505.8039645486149 572.1620840510883 19.59874023438608 5.729149620780559 -72.0474585620437
4364.172578181323 1506.2820773666201 701.974438166438 19.376734676208113 5.733194169115106 -72.04690980827576
961.9113476866183 1507.3971946714398 125.17384028499382 21.248753979986446 5.593063618130248 -72.06612309873586
1927.3769615466738 1507.515268064871 41.69403506775015 22.44235310270124 5.632866150550815 -72.06068663552529
2885.0872265734893 1506.6382993158284 1.7747225467968766 25.869711754063584 5.672307686121928 -72.05527322641825
3166.2682924312803 1507.4018683411302 5.6404984818494235 24.614244204369523 5.6839019531960995 -72.05369530984879
3459.684053949409 1506.505251577563 54.21034780032444 22.15733243700176 5.695967556236332 -72.05202651660635
3940.073778201657 1507.4391503150098 15.400274766728218 23.523716747424714 5.7157611274611835 -72.04932317694913
4006.54849073885 1506.6927109157368 19.910353429485536 23.244840497856686 5.718483574758514 -72.04893783162461
4415.896160017798 1507.851479753724 2988.503489996596 17.80390350268756 5.735351412009003 -72.04663706098269
262.9772723655928 1507.7933393765552 61.0720498932968 22.027931677529615 5.5642434247959445 -72.07005980213074
1624.6620063277278 1507.5130754937998 992.4402418385627 19.00077700631214 5.620389494383852 -72.06239251433553
3042.0011384585077 1508.527942765028 0.9758802632322923 26.519046584375427 5.678804963779618 -72.05441132157083
3931.0604942349023 1508.287232521509 277.1760219808715 20.38564877729612 5.715405684866589 -72.04938489764676
211.08274409245448 1509.0189103721593 49.0165605758203 22.26668083568647 5.562124935815837 -72.07036711702605
1101.7270308275283 1509.383009505765 22.872922518718507 23.094233773992716 5.598865131145993 -72.06536130552665
2409.760823794566 1508.7875451628693 117.04123257194207 21.321690704202588 5.6527665050008 -72.05798273325057
2756.2191989611247 1508.7716310268077 58.4207243848004 22.07612057683523 5.667038752767102 -72.05602768517743
3616.3771563843447 1508.7886895612066 256.03761020832457 20.471778508679666 5.702460728453704 -72.05117006948808
4049.897537986283 1508.7861847371503 24.207161346237005 23.03267825887494 5.720306200935303 -72.04871925388466
4054.0203405093566 1508.797193158749 97.5632124839863 21.51932269109097 5.72047609214808 -72.04869607862237
1658.5760312838372 1509.8910131645139 2.652766790969468 25.433290240722734 5.621830902219492 -72.06223162352937
3602.6077777812634 1509.4481261568403 56.03005063516101 22.121485383678607 5.701905938696634 -72.0512562504435
3836.3281963642517 1509.735154524383 5.1129105515725985 24.72086743360324 5.711532787012326 -72.04993884977993
4367.3246647523765 1510.0116714044082 32.76809326039291 22.70390999355493 5.733392338243513 -72.04693928140219
1158.7558177003618 1511.230101518646 1.5346700401466344 26.027500383802625 5.601250308631188 -72.06506369947998
2130.166603041095 1511.1254703253085 -1.4252045205254762 nan 5.641289073387034 -72.05958922224269
2857.008706919493 1511.1648903761136 5.338396613523473 24.674010830186266 5.671234113837686 -72.05548916855287
3092.1228833217037 1511.0605409824834 1633.8706599402028 18.45949373592802 5.680915561877517 -72.05416044221484
3091.064348996636 1511.0259256747293 53.00987406064099 22.181645989935593 5.680871334039669 -72.05416598029869
3293.983341532141 1511.2350016344726 11.554089108760284 23.83569863945933 5.68923143405785 -72.05302261410208
3413.9354074421963 1513.1307750691765 44.831791409891316 22.363572688652106 5.694205369789205 -72.05236905003773
4023.9872000099685 1511.2290433384953 770.3804649765433 19.275774767101005 5.719284576077833 -72.04889676541188
4381.247029543489 1510.9871081146057 9.236394326226362 24.078781756476292 5.733983157511883 -72.04687288253403
456.58685474593074 1512.12882690642 -1.4528204571592471 nan 5.572309244094265 -72.06902618467053
875.4330964863395 1512.5723469413792 -2.465389916476977 nan 5.589592082443363 -72.06667550265306
1391.2127237011302 1512.0866118284855 41.85346553087105 22.43820936088195 5.610849788010999 -72.06376560481291
3671.4209584030814 1512.6294358049481 1.6329811566132706 25.96008498771684 5.704797262188849 -72.05090771263332
3702.7195121249865 1512.5358627324595 267.7073058767129 20.423387362345306 5.706084043218801 -72.05072962721556
2733.566030107934 1513.1540331241993 495.19350266584206 19.7556005766457 5.6661859148465075 -72.05621114964737
3761.6636255714066 1513.3915368205799 19.930856512265933 23.243723014663704 5.708526279243139 -72.05040730978689
3943.916984701265 1513.344777792708 493.54911584670094 19.759211975440117 5.716027663697244 -72.04937636491817
4121.8522463104655 1513.4263048151076 38.62628869082524 22.525330465884892 5.723352848650006 -72.0483711815967
4298.0896434808255 1512.835786874186 29.896784953073034 22.803476702089593 5.730595033661167 -72.04736680447343
513.7182625077178 1514.4643984828133 41.42377393596922 22.44941376354263 5.574708475438927 -72.06873452863563
1676.2283640411422 1514.3569462516305 109.73068605070233 21.391717684857074 5.622640207959538 -72.06218885619468
3687.0535003734944 1513.5383860311704 31.22842271520188 22.756162797434172 5.705457495275739 -72.05083089086934
3871.869428990532 1514.5755572653368 77.74106319744924 21.76591173152637 5.713084589525687 -72.0497993270412
4368.539403087715 1513.3600352124167 9.720026609294104 24.023369286440182 5.733503786761734 -72.04697488000639
108.99807164316657 1515.088126725989 94.49301086697325 21.55403870279026 5.558024129110529 -72.07101804979818
546.722764293845 1514.4813531093978 -0.24462149734411026 nan 5.576070123966205 -72.068549108381
1917.3614127847175 1514.794379593606 1231.3636663213667 18.766572084101185 5.632586598222643 -72.06083548829314
2708.0680911491463 1515.2520609789447 32.505741511571046 22.712637727321933 5.665174031050593 -72.05638167469311
4179.706865191055 1514.9902434963356 2.4205505694388494 25.53275252047898 5.7257626330418665 -72.04806379516272
2695.8907047870553 1516.559521617456 3.813501573457929 25.03922809625464 5.664696361543554 -72.05646698945938
