jwst_combined_catalog.ecsv
# %ECSV 1.0
# ---
# datatype:
# - {name: sky_centroid.ra, unit: deg, datatype: float64}
# - {name: sky_centroid.dec, unit: deg, datatype: float64}
# - {name: mag_f150w2, datatype: float64, format: .6f, description: Total aperture-corrected Vega magnitude based on the 70% encircled
#     energy circular aperture; should be used only for unresolved sources.}
# - {name: mag_f322w2, datatype: float64, format: .6f, description: Total aperture-corrected Vega magnitude based on the 70% encircled
#     energy circular aperture; should be used only for unresolved sources.}
# - {name: ra_jwst, datatype: float64}
# - {name: dec_jwst, datatype: float64}
# meta: !!omap
# - {date: '2025-09-19 08:56:04 UTC'}
# - version: {Python: 3.12.11, astropy: 7.1.0, gwcs: 0.25.1, jwst: 1.19.1, numpy: 2.2.6, photutils: 2.2.0, scipy: 1.16.0}
# - {localbkg_width: 0}
# - {apermask_method: correct}
# - kron_params: !!python/tuple [2.5, 1.4, 0.0]
# - aperture_params:
#     aperture_corrections: !numpy.ndarray
#       buffer: !!binary |
#         YXQ1VlFKQ2dBRURuKzdrLw==
#       dtype: float32
#       order: C
#       shape: !!python/tuple [3]
#     aperture_ee: !numpy.ndarray
#       buffer: !!binary |
#         SGdBQUFBQUFBQUF5QUFBQUFBQUFBRVlBQUFBQUFBQUE=
#       dtype: int64
#       order: C
#       shape: !!python/tuple [3]
#     aperture_radii: !numpy.ndarray
#       buffer: !!binary |
#         WkR0ZlA4UDF5RDlXRGwxQQ==
#       dtype: float32
#       order: C
#       shape: !!python/tuple [3]
#     bkg_aperture_inner_radius: 6.245
#     bkg_aperture_outer_radius: 9.474
# - {abvega_offset: 1.2345035}
# - __serialized_columns__:
#     sky_centroid:
#       __class__: astropy.coordinates.sky_coordinate.SkyCoord
#       __info__: {description: ICRS Sky coordinate of the source centroid}
#       dec: !astropy.table.SerializedColumn
#         __class__: astropy.coordinates.angles.core.Latitude
#         unit: &id001 !astropy.units.Unit {unit: deg}
#         value: !astropy.table.SerializedColumn {name: sky_centroid.dec}
#       frame: icrs
#       ra: !astropy.table.SerializedColumn
#         __class__: astropy.coordinates.angles.core.Longitude
#         unit: *id001
#         value: !astropy.table.SerializedColumn {name: sky_centroid.ra}
#         wrap_angle: !astropy.coordinates.Angle
#           unit: *id001
#           value: 360.0
#       representation_type: spherical
# schema: astropy-2.0
sky_centroid.ra sky_centroid.dec mag_f150w2 mag_f322w2 ra_jwst dec_jwst
5.839929199441371 -72.08832749333737 nan 17.898578433172922 5.839929199441371 -72.08832749333737
5.838987267550441 -72.08845040334492 20.14044360156602 nan 5.838987267550441 -72.08845040334492
5.838255993984619 -72.08853600706489 21.0271801556774 nan 5.838255993984619 -72.08853600706489
5.8385894799415015 -72.08827763305116 20.058199184924064 19.560806205746402 5.8385894799415015 -72.08827763305116
5.866360775422951 -72.08535335247736 20.963175437930097 20.438041671285106 5.866360775422951 -72.08535335247736
5.839195674845175 -72.08810416237014 21.3657075868418 20.819723483186095 5.839195674845175 -72.08810416237014
5.839818251895325 -72.08793941187015 20.281555412042344 19.72964581354959 5.839818251895325 -72.08793941187015
5.7847152696765365 -72.09325316320674 nan nan 5.7847152696765365 -72.09325316320674
5.774783130679494 -72.09409442740726 23.805600652453194 21.76299419089311 5.774783130679494 -72.09409442740726
5.868697051177159 -72.08464026350677 20.68311946273664 20.14417874418723 5.868697051177159 -72.08464026350677
5.833106683840373 -72.08828143818292 20.818497610339023 20.275965170624094 5.833106683840373 -72.08828143818292
5.766258846964381 -72.09500979252995 nan nan 5.766258846964381 -72.09500979252995
5.834588236388022 -72.08808170057581 21.007944116063513 20.430430667045023 5.834588236388022 -72.08808170057581
5.779420802623331 -72.09363054756379 20.748076849368793 20.175507414782416 5.779420802623331 -72.09363054756379
5.784982997542812 -72.09301752757675 22.988310256993735 21.28624504977485 5.784982997542812 -72.09301752757675
5.765278207064381 -72.09499883113165 nan 18.571457018153538 5.765278207064381 -72.09499883113165
5.757460673554032 -72.09581442837465 20.47165387355694 19.940528487492458 5.757460673554032 -72.09581442837465
5.732747737098818 -72.09825792235169 20.087443049300123 19.174544943709744 5.732747737098818 -72.09825792235169
5.755599256214442 -72.09593963160304 20.433807567097 19.91062071993099 5.755599256214442 -72.09593963160304
5.783261653126083 -72.09307797056545 22.112334685372495 20.063491462968763 5.783261653126083 -72.09307797056545
5.725204642694532 -72.09880461492655 nan nan 5.725204642694532 -72.09880461492655
5.7351868372200085 -72.09793455834296 20.259718013402306 19.68987077850705 5.7351868372200085 -72.09793455834296
5.706467019798007 -72.10082311889867 19.80774222425282 nan 5.706467019798007 -72.10082311889867
5.720854967613314 -72.09923355007318 nan nan 5.720854967613314 -72.09923355007318
5.7837308748908915 -72.09289890788912 20.92040104898227 19.903013241058783 5.7837308748908915 -72.09289890788912
5.7545049218949105 -72.09589880082484 20.82702145193864 20.21151385408258 5.7545049218949105 -72.09589880082484
5.693317581889119 -72.10201797858701 nan nan 5.693317581889119 -72.10201797858701
5.732429391552723 -72.0981105165019 19.261939504170716 18.754614253458634 5.732429391552723 -72.0981105165019
5.757511438003903 -72.09552815613456 21.588639754324593 20.82894020606406 5.757511438003903 -72.09552815613456
5.723343213657143 -72.09896277827143 20.035450743314613 19.460987918460965 5.723343213657143 -72.09896277827143
5.6909165276143385 -72.10225806804539 21.073988921590605 20.453379777577446 5.6909165276143385 -72.10225806804539
5.73126618900266 -72.09810702662848 19.54430961766033 19.02444097122109 5.73126618900266 -72.09810702662848
5.764478406811395 -72.09456020136894 25.54295690718081 22.674456876118178 5.764478406811395 -72.09456020136894
5.684362622032424 -72.10286893616443 20.698737478675227 20.155502137129332 5.684362622032424 -72.10286893616443
5.755779623038833 -72.09559359307957 21.050244020051107 20.497992716253385 5.755779623038833 -72.09559359307957
5.702009197806791 -72.10105330431584 20.622949898816387 20.018408169406086 5.702009197806791 -72.10105330431584
5.733803315333255 -72.0977866364399 nan 18.318243447845624 5.733803315333255 -72.0977866364399
5.781657517134427 -72.0929064102781 19.3973683885009 18.920472893137024 5.781657517134427 -72.0929064102781
5.7720433510630835 -72.09387965910668 20.29911412182863 19.779291691784202 5.7720433510630835 -72.09387965910668
5.766125202178926 -72.09448639719902 20.996577807697378 20.438077423858303 5.766125202178926 -72.09448639719902
5.702555060849809 -72.10091412553841 nan 18.333680755415607 5.702555060849809 -72.10091412553841
5.782653254412328 -72.09266711901819 nan nan 5.782653254412328 -72.09266711901819
5.742278657734502 -72.09683330859592 20.50629777088298 19.957045416255006 5.742278657734502 -72.09683330859592
5.787982571062402 -72.09213866677696 19.32118776886586 18.832910810019676 5.787982571062402 -72.09213866677696
5.733085415529743 -72.09772118780516 nan 18.22952512291237 5.733085415529743 -72.09772118780516
5.698992835245142 -72.10116487326961 nan 18.090479359279335 5.698992835245142 -72.10116487326961
5.780585110532141 -72.0928054245 nan 17.80091838694562 5.780585110532141 -72.0928054245
5.7754698500636685 -72.09339560788126 19.57703349716401 19.092984891006026 5.7754698500636685 -72.09339560788126
5.761657733598632 -72.09482367726122 20.722512544688023 20.094031325825227 5.761657733598632 -72.09482367726122
5.729641898536175 -72.09807397778788 20.691311190810815 20.04828509682752 5.729641898536175 -72.09807397778788
5.700483397982058 -72.10096446070143 nan nan 5.700483397982058 -72.10096446070143
5.753747756084024 -72.09559987802479 20.76259370636695 20.179516356174574 5.753747756084024 -72.09559987802479
5.708071631081367 -72.10022997381688 20.34264001705835 19.77763675936825 5.708071631081367 -72.10022997381688
5.777186146970872 -72.09309061206757 21.170307230770707 19.089967401296683 5.777186146970872 -72.09309061206757
5.733999506271301 -72.09752896714082 19.558529320956353 19.02545695017823 5.733999506271301 -72.09752896714082
5.694550609628972 -72.10149348073669 nan 19.62687364747397 5.694550609628972 -72.10149348073669
5.681955546974118 -72.10281012647825 19.217281497728713 18.58023505922179 5.681955546974118 -72.10281012647825
5.7310672904437725 -72.09784250358723 20.946179751606127 20.370272180793368 5.7310672904437725 -72.09784250358723
5.767260968428194 -72.09412173347924 19.74413314328181 19.24647111650299 5.767260968428194 -72.09412173347924
5.76891227601318 -72.09391994036277 22.399442039048324 19.65907815474969 5.76891227601318 -72.09391994036277
5.766194157865193 -72.09403226394012 24.06793297267906 21.111501182063137 5.766194157865193 -72.09403226394012
5.706182495365164 -72.1002392210406 20.32152867415224 19.70443446699457 5.706182495365164 -72.1002392210406
5.686783568041006 -72.10220887856356 20.75480334611924 20.330335570025778 5.686783568041006 -72.10220887856356
5.742554513119623 -72.09641367685667 nan 18.04775499379187 5.742554513119623 -72.09641367685667
5.725407094788386 -72.09822081725336 19.208257059291945 18.66961819589232 5.725407094788386 -72.09822081725336
5.763082326837744 -72.0943851048118 19.255700548156163 18.540007276887696 5.763082326837744 -72.0943851048118
5.769010174893914 -72.09358878850176 nan 20.805491532327324 5.769010174893914 -72.09358878850176
5.752325474374364 -72.0953967609077 nan nan 5.752325474374364 -72.0953967609077
5.781444753586815 -72.09241630756655 19.347798388418852 18.834509448077508 5.781444753586815 -72.09241630756655
5.740689027957454 -72.09647936375805 24.44712859377097 22.614387720467555 5.740689027957454 -72.09647936375805
5.776874384896035 -72.09274671655307 20.566169724971534 19.291072203906193 5.776874384896035 -72.09274671655307
5.759447490971808 -72.09465739364308 20.162837898172572 19.68350039523768 5.759447490971808 -72.09465739364308
5.70023243603684 -72.10065873676182 22.194560309901433 22.215601729092754 5.70023243603684 -72.10065873676182
5.748529266003974 -72.0956929284011 nan 17.888735696020525 5.748529266003974 -72.0956929284011
5.690202366162627 -72.10166183800177 21.90138787496042 20.497175859010852 5.690202366162627 -72.10166183800177
5.729110220686355 -72.09760620365711 21.418617881358273 nan 5.729110220686355 -72.09760620365711
5.70193214615135 -72.10044376205276 24.089457463102384 21.964589866610183 5.70193214615135 -72.10044376205276
5.731525039924257 -72.09742553820325 20.451227794451988 19.879547084811392 5.731525039924257 -72.09742553820325
5.764496821976546 -72.09405792167978 20.629273234707682 20.087391931461703 5.764496821976546 -72.09405792167978
5.751185767622475 -72.09533459457934 nan 17.875119168406464 5.751185767622475 -72.09533459457934
5.711316980125063 -72.09947775295454 21.22906074992638 20.653816075538938 5.711316980125063 -72.09947775295454
5.778479084904777 -72.0926040956768 19.877896187467968 19.36759034513576 5.778479084904777 -72.0926040956768
5.750146788740633 -72.09540129982223 nan nan 5.750146788740633 -72.09540129982223
5.716666244561912 -72.09883298641854 19.102571765073243 18.455612686516275 5.716666244561912 -72.09883298641854
5.707464195295274 -72.09975199642393 nan 18.183343188589934 5.707464195295274 -72.09975199642393
5.695065025212333 -72.10102340815894 23.353419111484598 nan 5.695065025212333 -72.10102340815894
5.729933461673208 -72.09748462298724 20.998968815126318 20.420317102605885 5.729933461673208 -72.09748462298724
5.703727253967586 -72.10012788072447 23.519010061798596 20.02614941386826 5.703727253967586 -72.10012788072447
5.7466822810708855 -72.09573261210267 19.41404106737359 18.915163796773633 5.7466822810708855 -72.09573261210267
5.722950503741517 -72.09811390916069 nan 17.995920560426235 5.722950503741517 -72.09811390916069
5.763466792625665 -72.09402681446625 20.30151521974164 19.7491367975317 5.763466792625665 -72.09402681446625
5.731240230523941 -72.09730320968121 20.61884312875563 20.0356354313922 5.731240230523941 -72.09730320968121
5.790627785264075 -72.09091913609552 23.37068517434043 19.045279837750314 5.790627785264075 -72.09091913609552
5.7211381813964755 -72.09828377848004 20.3413527210513 19.76473263929382 5.7211381813964755 -72.09828377848004
5.7114819705348365 -72.09926066551829 21.247781132195513 20.610620133469958 5.7114819705348365 -72.09926066551829
5.7090947526094675 -72.09949276911445 20.599060207699786 19.9447388848468 5.7090947526094675 -72.09949276911445
5.725033075916224 -72.09784936142955 19.51304867128745 18.951081477822513 5.725033075916224 -72.09784936142955
5.741288293195059 -72.09620968982601 21.11747765838851 20.573637561372628 5.741288293195059 -72.09620968982601
5.75256959548726 -72.09501521696656 19.84491596387859 19.33653479178168 5.75256959548726 -72.09501521696656
5.717664261394511 -72.09860284047002 21.05611728809354 20.432052326614823 5.717664261394511 -72.09860284047002
5.766791300159026 -72.09358043558451 20.829430393415166 20.278848882765367 5.766791300159026 -72.09358043558451
5.7322325323763375 -72.09708952978416 20.43411568901704 19.895473361963504 5.7322325323763375 -72.09708952978416
5.715425792982755 -72.09876119472169 19.200744054722957 18.405550719024564 5.715425792982755 -72.09876119472169
5.6288238937014405 -72.10753526625544 22.19909450239311 17.733617801569395 5.6288238937014405 -72.10753526625544
5.78861961201168 -72.09129298155686 20.032864037487563 19.53863257986002 5.78861961201168 -72.09129298155686
5.710375439869035 -72.09924123193935 19.121869464200497 18.54819413117238 5.710375439869035 -72.09924123193935
5.778739926345001 -72.09227564781784 19.77025443586667 19.284084079477886 5.778739926345001 -72.09227564781784
5.761915484721362 -72.09396371028512 19.693844183855354 19.13547269414983 5.761915484721362 -72.09396371028512
5.716274450106337 -72.09860964276646 20.464075879048337 19.909781905268403 5.716274450106337 -72.09860964276646
5.732056817668212 -72.09687909191024 nan nan 5.732056817668212 -72.09687909191024
5.76883843261727 -72.09323099709498 20.954631641065923 20.35228868816797 5.76883843261727 -72.09323099709498
5.7114768117602175 -72.09900793569008 nan 18.261985354799812 5.7114768117602175 -72.09900793569008
5.74690631382241 -72.09538075268236 nan 18.018048711090493 5.74690631382241 -72.09538075268236
5.7526313933721065 -72.0948440409811 20.530204200899885 20.018708898166846 5.7526313933721065 -72.0948440409811
5.743291960665957 -72.09579935605305 20.668802951868464 20.067413069833258 5.743291960665957 -72.09579935605305
5.748862959826402 -72.09521374831027 20.36956688254795 19.780971409065245 5.748862959826402 -72.09521374831027
5.748168379685432 -72.09528779150612 20.075335783751406 19.552261477257865 5.748168379685432 -72.09528779150612
5.733629944985102 -72.09671995348023 20.647855553053972 20.123441562636426 5.733629944985102 -72.09671995348023
5.777975631297746 -72.09220165918245 21.16952228752354 20.64397233055915 5.777975631297746 -72.09220165918245
5.728097620266811 -72.09727447873345 20.349676643242226 19.72469937519633 5.728097620266811 -72.09727447873345
5.724314428310627 -72.09765533714516 20.408554699704354 19.921707960267078 5.724314428310627 -72.09765533714516
5.729855342156419 -72.09701088658971 21.00502038636943 18.14130801903415 5.729855342156419 -72.09701088658971
5.765867282814758 -72.09333258140647 nan 18.060365334290953 5.765867282814758 -72.09333258140647
5.766526907358851 -72.09328284419298 20.568840492004433 20.038302144606757 5.766526907358851 -72.09328284419298
5.77819874002373 -72.09197017881976 21.830378287503564 18.99373852572989 5.77819874002373 -72.09197017881976
5.749747181131728 -72.09498073804035 20.462111083534772 19.936174454161673 5.749747181131728 -72.09498073804035
5.788289393668763 -72.091010762589 20.819938681352 20.272799366818504 5.788289393668763 -72.091010762589
5.714781264216787 -72.09848588272693 20.16673061006908 19.59335162313632 5.714781264216787 -72.09848588272693
5.767059110856749 -72.09316541074391 21.01275686161579 20.476194779731294 5.767059110856749 -72.09316541074391
5.723979882035155 -72.09753181183888 19.430318937387568 18.88132827527498 5.723979882035155 -72.09753181183888
5.701677573360929 -72.09976862806259 22.080477169141353 23.271900292223542 5.701677573360929 -72.09976862806259
5.791692813541575 -72.09043578457809 22.32943371026559 21.436481751900082 5.791692813541575 -72.09043578457809
5.731220912261403 -72.09669189646029 nan 18.077151672903142 5.731220912261403 -72.09669189646029
5.747745919471943 -72.09502756121825 nan 18.527000044538404 5.747745919471943 -72.09502756121825
5.708290505316636 -72.09898041049175 nan nan 5.708290505316636 -72.09898041049175
5.69334093857183 -72.10055911243344 22.094677315615638 20.787145173092014 5.69334093857183 -72.10055911243344
5.780507041616993 -72.09155356330808 nan 18.12607916715187 5.780507041616993 -72.09155356330808
5.766864324462463 -72.09286752009395 nan 20.05516137068073 5.766864324462463 -72.09286752009395
5.789563665613556 -72.0906812305728 nan 18.19052220229411 5.789563665613556 -72.0906812305728
5.707275623630817 -72.0990898758624 20.577433451145467 19.976459169862125 5.707275623630817 -72.0990898758624
5.779042750497491 -72.09177212872969 19.889034219596937 19.449247312729092 5.779042750497491 -72.09177212872969
5.710415780379238 -72.09875562486864 20.94032069914269 20.322321466773012 5.710415780379238 -72.09875562486864
5.741750330799706 -72.09555071785536 20.9630118555816 20.281026862869112 5.741750330799706 -72.09555071785536
5.773500541511856 -72.09231289020715 20.255398643589935 19.694228032458692 5.773500541511856 -72.09231289020715
5.727871377512185 -72.0969216501357 20.5849008745744 20.031014099468397 5.727871377512185 -72.0969216501357
5.7111994192797155 -72.09861594183177 20.294689077119912 19.739885919978313 5.7111994192797155 -72.09861594183177
5.751021794960107 -72.09442910985985 22.32221893924644 21.079915244899013 5.751021794960107 -72.09442910985985
5.744595406621243 -72.0951804489486 20.824780335432358 20.189502700946374 5.744595406621243 -72.0951804489486
5.836087992570943 -72.08581986398968 19.851517267781432 19.233787639582445 5.836087992570943 -72.08581986398968
5.7785292435423745 -72.0917077565531 19.273390222320373 18.8008809387751 5.7785292435423745 -72.0917077565531
