jwst_hst_matched_cmd.ecsv
# %ECSV 1.0
# ---
# datatype:
# - {name: ra, datatype: float64}
# - {name: dec, datatype: float64}
# - {name: f150w2_mag, datatype: float64, format: .6f, description: Total aperture-corrected Vega magnitude based on the 70% encircled
#     energy circular aperture; should be used only for unresolved sources.}
# - {name: f606w_mag, datatype: float64}
# schema: astropy-2.0
ra dec f150w2_mag f606w_mag
[from data line 1136]
5.6771126275905 -72.0786846551969 nan 22.8025761287789
5.712561371963393 -72.0925209489386 21.99584791844805 22.333306417293425
5.68061145662998 -72.0799714363913 21.602345944816513 26.70463546492027
5.593722245146277 -72.04571773254234 20.69894894575893 20.373511841002564
5.674525684472241 -72.0776074452472 21.518491449503752 nan
5.634596382616836 -72.06190485802944 21.855120556838273 23.7278849342758
5.682615152383607 -72.08098369208417 19.76919465398562 22.080978009419905
5.671402398214803 -72.07652918465452 22.316814819259385 nan
5.689804539951617 -72.08398485126926 nan 20.713072138383396
5.60514844888814 -72.05041747113741 20.261104012199805 21.142068319136047
5.6499641651243975 -72.06818406652228 19.536493166027096 23.729709614833716
5.661909673136047 -72.07283415007582 22.652953247816388 nan
5.630042078783654 -72.06030474719599 21.084430283477108 21.64843734765551
5.644248909698731 -72.06595191491253 20.383356462247296 nan
5.664583291882 -72.07407239766378 nan 21.99012085345656
5.614526183293377 -72.05422295909875 22.44229428790556 nan
5.642778233617881 -72.06540891265034 21.060118881282747 nan
5.60595446736277 -72.05087364390647 22.825907661840603 nan
5.593432505401092 -72.04593447107621 22.43315405625225 20.61079309963398
5.629573655793778 -72.06026078797542 23.328589415225814 22.925904239015455
5.6565978656296 -72.07095709144699 22.659132534897232 24.915895307955406
5.665642789334011 -72.07454342128334 21.46344323003865 21.773394378304534
5.642659942507042 -72.06576233885797 nan 23.27328419593762
5.670958351812978 -72.07688591610174 20.309460503992153 nan
5.666821966002575 -72.07525726641744 21.807455969430798 nan
5.628198225051474 -72.06015950574005 nan 23.370334402704948
5.615663892646203 -72.0552173826633 nan 23.622515264549342
5.653173015286098 -72.0699447121085 23.555743421557004 23.86530215936106
5.660706419134948 -72.07299975750132 19.18175942410744 23.084744063154123
5.656185254229888 -72.07126887009345 nan 23.539713054307253
5.645190421178602 -72.06697621349056 nan 22.497391307089593
5.590057747418769 -72.04515409951067 23.326541166393653 24.743301385448106
5.624699548668309 -72.05886165726898 22.398485056166074 21.481258879948392
5.698916413986617 -72.08818242756603 20.264190780977223 24.58241573241453
5.663817615361647 -72.07444395584125 20.391600962855637 23.70227959571148
5.672535430327022 -72.0778660289794 21.39029447175942 24.23030227808204
5.697673067085818 -72.0879396663386 23.22266905663851 23.423046921684875
5.613022430590737 -72.0543907790172 22.514029416801833 nan
5.616244859218874 -72.05567167008823 22.832212483899568 nan
5.633599609971696 -72.06269169658925 nan 21.601167373652697
5.682190652301031 -72.08177654014634 22.52821725834511 22.181413476409347
5.635992581834114 -72.06361318386553 20.686187297672255 nan
5.679006646421884 -72.08066963864759 22.304706497985848 23.105983563515043
5.629986029662213 -72.06131865269819 22.000061066518754 24.61204145158004
5.638162801881057 -72.0646380896454 19.243025333996577 19.0244391547897
5.589249128024637 -72.04525008576408 21.36998690402269 nan
5.615965170458134 -72.0558020977285 22.026005883406576 nan
5.652513626324575 -72.07030699135552 20.750950392318646 22.58108920905866
5.626199793793941 -72.05995421664572 22.83508956649375 nan
5.5873311976785764 -72.04491921382414 nan 23.396918258208537
5.61704258643916 -72.05649321261838 19.653132333103475 26.77374064337963
5.618424117487864 -72.05700428298056 21.239031964161747 nan
5.651943171883165 -72.0703224731344 19.88235651962697 24.280194859133097
5.640017680449514 -72.0655850971882 20.21834006471099 19.836267444812982
5.677088174387906 -72.08031324353252 nan 22.348070816401837
5.6312322149960705 -72.06214972304804 21.25834538164597 nan
5.697079505109774 -72.08818202031183 20.133095823259794 25.304073560983795
5.6260743307003676 -72.06015530653102 21.757143945207318 22.125969822752573
5.591648292499452 -72.0465791478824 20.593116805115464 nan
5.620497219794897 -72.05799391263045 21.23842724696562 nan
5.636844796918571 -72.0647104215947 nan 18.37786649999107
5.6684711078863295 -72.07714723707744 20.71717183890749 22.691330753081417
5.595938285761692 -72.04850465989563 23.45137133201144 nan
5.6255126851737485 -72.06021104509065 21.967788409985282 23.703992494250386
5.605281718437936 -72.05231968666372 20.287473784002685 24.975752865204782
5.698067293415002 -72.08886838814614 21.429109605967852 22.030237190799017
5.631037578700425 -72.06250688292745 21.480951587570452 26.863339410216856
5.610094989562739 -72.0541823783338 22.57618426288339 nan
5.676336929249767 -72.08082636721426 21.083986506735336 19.7578091987288
5.646840856381228 -72.06904060206901 19.56943057032506 21.439069945358824
5.6637091463530735 -72.07573280031981 21.381679133373293 nan
5.589983145041051 -72.04661842232358 22.439996554285614 24.533077570153846
5.640301303437459 -72.06659581985099 nan 21.87214385644758
5.682422473285184 -72.08326208488697 21.650011795375587 24.569697340384437
5.612535283135097 -72.05584935699822 21.236625275116538 nan
5.618110340602175 -72.05805437558315 21.265483771586595 nan
5.630596597384812 -72.06298322668998 21.76813450422045 24.961360542594697
5.66623441951582 -72.07704178016742 22.175033912988894 23.55318824246706
5.640087289146371 -72.06673603211942 22.7984353408364 21.637117899771845
5.6817811236457185 -72.08327462029563 19.41071346795902 23.485875085887038
5.6439014520128605 -72.06836304330913 20.017482486196997 24.620136132429813
5.64463603163925 -72.06870770962566 19.82651718975069 21.100966912088378
5.630028014623412 -72.06296905973817 21.753294395316942 nan
5.610991604986117 -72.05557706280277 nan 24.57777272509462
5.630875849851212 -72.06347648001102 19.608019476705124 22.99531357200093
5.672191541639959 -72.0798155931899 nan 23.094210446602958
5.590195909480988 -72.04744643177442 nan 23.90131068690452
5.6414508412694095 -72.06758565467435 22.70651466057155 20.4244970114802
5.706637051455698 -72.09340602715727 19.757619541544756 22.61535776629792
5.660016175357703 -72.07497699293913 21.8868942043596 nan
5.657745765344949 -72.07416783483856 19.527252803204572 23.475141843302016
5.691739160769324 -72.08752609699606 20.979169902213535 25.770010694386798
5.666784178608313 -72.07782474398483 21.328930935718617 26.47192706620187
5.675690614989007 -72.08139504924054 19.867045585822652 22.66300235164911
5.6904528711509865 -72.0871407823869 23.63351644686761 25.144390631692435
5.6315262697384 -72.06398569380761 22.13142453774197 23.64220113562901
5.592808766889783 -72.04873479307292 22.835423850205032 nan
5.617381119927351 -72.05857254942136 19.191800944503616 22.97490867740881
5.627173266940687 -72.06240388206672 20.002546663405504 nan
5.605472400590562 -72.05379106559245 21.756918881843518 22.746154756897973
5.606799869304727 -72.0543160192307 21.537412305346887 23.063802211964433
5.6384007852495275 -72.06691378340228 19.86964684016339 23.12143854085126
5.658072264067812 -72.07463765915439 21.288000756918116 22.231609628282726
5.703915591807451 -72.09274315396861 22.53897615623153 24.740994973303426
5.682143573555747 -72.0841546552679 22.60492080858016 23.085444618193193
5.674014129719841 -72.08108527736373 nan 23.13300841364779
5.612372906900136 -72.0567356917718 19.490286296751222 24.0254926614693
5.675722430290193 -72.08188631156023 nan 23.150943388273966
5.667493461157695 -72.07852075782421 22.530519174642237 21.2918206249242
5.6426978530836065 -72.06877625642794 21.908555792959458 24.512524467461045
5.66178252599404 -72.07637422657743 21.01720329045332 25.937581179839803
5.587696551603546 -72.04710270895426 22.68278450173623 25.748454976984593
5.629287763604559 -72.06857069811619 21.939101075108717 20.97565416415057
5.672429977816871 -72.0806506682942 23.02363738983 24.970742754958852
5.6955712694783465 -72.08993302758145 nan 22.990970609866647
5.652367748584832 -72.0728347381026 22.1577301586741 24.001736228817375
5.661813793314062 -72.0765828679797 20.992739448094227 23.030912600328033
5.612277759771751 -72.05708262864697 21.28732198879362 25.12090378280256
5.609090028790788 -72.05607827730795 nan 22.866749426446482
5.611936795771236 -72.05700871651345 21.06640246589795 nan
5.679498670344025 -72.08374430696036 20.121935723596756 23.04016152607368
5.58446625909159 -72.04620351601412 21.981381503094873 20.70722975214545
5.7054547121835055 -72.0940804396836 21.341936042480533 24.29081004290338
5.623587197504022 -72.06189218941385 20.720085522510402 20.446863857318412
5.648707017891762 -72.07189748419727 20.170332239803024 24.383126341355933
5.682198928591215 -72.08510211378545 20.405604308592316 26.13245237046712
5.689115660175051 -72.08797215305535 21.210156256318704 23.44311175645487
5.702682951990304 -72.09314486402046 21.991221329276534 23.140094746106968
5.65988564174258 -72.0762916170279 23.006091193963492 24.35334635499725
5.584578392664565 -72.04680239025254 20.54930087854697 nan
5.699172417831995 -72.09205148371241 20.233341449385918 24.828872417157964
5.605523980420335 -72.0550989635229 21.451402587848477 24.213710944872354
5.651834323685425 -72.0736169846077 19.548120507107903 21.823015282405684
5.656648035600721 -72.07548080660482 19.96474684312824 22.045330619334692
5.691192271635911 -72.08902386409191 23.46952580781275 25.654631502666284
5.622700043495542 -72.06219491422915 19.24441458307622 21.392179763813708
5.6861693496863595 -72.08718845001297 20.6124266267816 25.329631133436195
5.666566969298221 -72.07958480183055 nan 23.255263079825394
5.6742735586886095 -72.08256128574071 20.105199050535727 23.27889732552892
5.626202260505649 -72.06370283350648 nan 23.151726536822135
5.621159076938423 -72.06188206206326 nan 21.782510017583796
5.613475326271755 -72.0586642618488 21.552655563460046 25.108213098424084
5.677071302399393 -72.08391900805078 nan 22.83893382985108
5.6570205830760605 -72.07586187269168 22.15847865935492 24.29869597422956
5.669730175010282 -72.08098978697309 19.265280495081235 22.081563728287918
5.683818716488714 -72.08652593083663 19.919972968226713 22.617452026665987
5.692697126379998 -72.08996130870857 22.883051633291764 25.80445854384564
5.704340890262558 -72.09463559271506 nan 22.74115057874434
5.592061991547155 -72.05027521783782 22.82763051919123 nan
5.644403610364777 -72.07101972121535 21.04066806255805 nan
5.652279485727762 -72.07427311560437 nan 22.06261157048363
5.648902542965031 -72.07295310894102 19.676517682992408 24.339534202377198
5.669209747959954 -72.0808841840761 23.031049442261565 nan
5.672332761762882 -72.08238471863538 nan 22.921483206734546
5.6380705364850865 -72.06871089940547 23.598947905905653 20.762819027036635
5.673025194102275 -72.0825452330644 21.843937082750045 23.501895404080464
5.6283938009615255 -72.06499490885496 22.329068288912794 26.540488863529003
5.611721600975869 -72.05848043146135 20.856388637568404 21.573495143445232
5.6282878163559555 -72.06505947005044 22.619101157242525 20.673370942768543
5.605511075470495 -72.05613537994579 21.718415424546833 23.382268881206304
5.604471522067224 -72.05584106117136 19.338612408532075 23.280294944396275
5.678998709098034 -72.08521791979726 22.10858911462134 22.991991448060272
5.671512413528805 -72.08231524998307 22.86862224533621 27.73416487466176
5.613138055665381 -72.0593261496792 21.146635385853248 nan
5.631810969535005 -72.06669119171575 21.17638606442015 nan
5.63972714585583 -72.07015991825651 nan 21.455027866940274
5.638208368500242 -72.06930851656064 20.715195135070278 22.470827169166267
5.670251777564496 -72.08193513123364 20.281321346725107 nan
5.667479497251245 -72.08093016452754 nan 20.843794983455055
5.628596491014433 -72.06552415163824 22.504191259526607 nan
5.581817840163976 -72.04706823153373 20.975096656218234 22.279415419340136
5.676467461465277 -72.08444314304015 21.861825603335994 25.018158057937946
5.6435095346073405 -72.07151660201859 19.660314027125203 22.353210877616764
5.611375712458076 -72.05880877481466 22.735291479672888 nan
5.676744363231336 -72.08476577680663 21.865454824153034 24.19204241113699
5.664816452298399 -72.08007453084724 22.713928978695108 26.32220468825517
5.604809925079442 -72.05661415222161 nan 24.041005984969477
5.615845526250544 -72.06091907199928 20.666376178261224 21.88510574028427
5.620284264607437 -72.06267357936517 20.604663600095293 nan
5.6831946831227755 -72.08753544466067 20.159082230051148 23.02750854538742
5.611365733550413 -72.05928329790767 nan 21.186088980683305
5.676483451794403 -72.08489705304208 20.449206485803273 24.06990968134508
5.583646215023549 -72.04839742148614 nan 23.58803942220681
5.610389359370692 -72.05887426443972 20.679409093545 nan
5.590571057684663 -72.0510313682432 23.046740668519774 24.32830660258222
5.5886938542308915 -72.05031806707952 22.842392289995324 26.073199791419043
5.694693631674538 -72.09216381517918 22.261968585838765 23.00896715603125
5.605331371093897 -72.05693514246724 21.816280293281828 23.445345870913687
5.609530601551985 -72.05867482152757 20.23623158934902 nan
5.655920124350585 -72.07700910960043 21.04415001526175 25.396046965571937
5.605500350397891 -72.05712795492306 21.68314042733445 22.345491917793854
5.646849713492693 -72.07358133159568 nan 22.366062991563076
5.645982983391985 -72.07317281824811 20.931702534019955 24.30726953106912
5.654580878191564 -72.076630692753 20.053913671775774 24.58953098154479
5.684103589761772 -72.08827129085677 21.275082075144446 23.957252035101316
5.691767684357974 -72.0913903724162 nan 24.108399125101865
5.620075661997651 -72.0631130948893 21.68280756917288 nan
5.6547841787778355 -72.07683329811644 20.269469284348467 24.663012231406288
5.6835895179510825 -72.08853441566313 nan 22.55169794252746
5.6704832931739215 -72.08317106936134 22.8760201657297 25.580570231320518
5.618258650652169 -72.06266367423814 20.104001448727303 nan
5.674468389015879 -72.08484012937276 20.752843816803413 nan
5.607827409063909 -72.05859463302777 22.514201468789413 24.101297925561475
5.685434890058581 -72.08928475556431 19.87365340274878 19.596627794519527
5.679155329196326 -72.08694799045185 nan 23.376955468617233
5.622005229291608 -72.06452817421253 nan 18.570050157922914
5.594336334113952 -72.05335338292686 21.480569571095472 nan
5.659240489076849 -72.07899146687627 23.930315998959784 22.883928364973414
5.661278028917403 -72.07998603075202 20.27044722253563 23.550916074036724
5.623228961799292 -72.06497453873652 22.563670616623128 25.07549612473367
5.675155802030754 -72.08556190317218 nan 20.9360750828873
5.601318968839265 -72.05645874112791 nan 23.31352142072191
5.6086120006468665 -72.05936661693326 nan 18.44593847639055
5.62787544824113 -72.06688121037719 21.63400052034343 nan
5.678111293646534 -72.0867861127939 20.770770845979854 23.930041407452276
5.618512276049054 -72.06335754671386 19.14511993417565 21.80696029726952
5.6531681708107335 -72.07697787291458 20.396980524200693 nan
5.66513713754256 -72.08171229751258 20.876275510373226 nan
5.694558516437239 -72.09339810555032 19.893897858657358 25.332976939137875
5.610420096977749 -72.0603485277007 19.388696875425772 23.34263270757388
5.58016222260745 -72.04835487046734 22.78873962249648 nan
5.6996421220369315 -72.09552805597637 20.756124348074998 25.189730173122904
5.6482327960143675 -72.07531564846376 20.821698930798572 26.885013575312094
5.600048882631547 -72.0563274182166 20.583596317005547 nan
5.680743842636191 -72.08825074131073 20.328562678942696 24.0432902250827
5.688055503758418 -72.0911004433439 23.495681683273425 22.913969384846926
5.616852511721564 -72.06306442955635 20.657527073109563 nan
5.620799283360369 -72.06463695761688 20.20918738713018 23.727902219607692
5.608647782096925 -72.05990548523525 20.532473616640726 nan
5.604312156874443 -72.0584067166049 nan 22.74992333308574
5.657299338335159 -72.07917444560157 20.88585770345825 nan
5.638153022756608 -72.07184125918016 19.70622751955974 21.037649792738215
5.682297711275332 -72.08922404287057 20.986717196152526 25.51453126977499
5.6600123690148125 -72.08049152455105 21.234443556865582 22.96089730536587
