jwst_hst_matched_cmd.ecsv
# %ECSV 1.0
# ---
# datatype:
# - {name: ra, datatype: float64}
# - {name: dec, datatype: float64}
# - {name: f150w2_mag, datatype: float64, format: .6f, description: Total aperture-corrected Vega magnitude based on the 70% encircled
#     energy circular aperture; should be used only for unresolved sources.}
# - {name: f606w_mag, datatype: float64}
# schema: astropy-2.0
ra dec f150w2_mag f606w_mag
[from data line 905]
5.654178767936118 -72.0605105537101 20.945104387107882 nan
5.655922322727755 -72.06143576844167 nan 22.772203519662956
5.632097440556826 -72.05186006729971 19.770884311839612 22.167904459165115
5.66110676646208 -72.06334216945605 19.28780192511666 23.96582151253642
5.626942522011493 -72.04993064179287 nan 20.814982324452487
5.695206671915902 -72.07674119963676 21.274824133152926 25.905739329884764
5.6917860032724965 -72.07544200005741 20.43116261809329 20.72253953186458
5.703252348728305 -72.07996787330573 21.91946212348413 nan
5.70834016006058 -72.08197663114254 23.265120952432184 25.067071049479708
5.693653715670125 -72.07628424627109 21.640691323798627 27.72027294700392
5.669332659854922 -72.06674045961441 20.98671156782423 nan
5.709672522320994 -72.08315629268176 nan 23.293955224865506
5.7115604211825035 -72.08340218637213 22.65805219080798 24.057490234617845
5.653741005371137 -72.06066428578234 21.156724382391474 nan
5.615398765744866 -72.04555291973666 21.106068352688084 nan
5.6405593608594895 -72.05550395364719 21.781693373019664 20.147750186634738
5.6697286097853175 -72.06703172091004 20.459277632220914 nan
5.632469682395199 -72.05236120692055 19.825690108626365 24.67123257484951
5.697133341644629 -72.07790276788555 20.574444312847056 24.277674634731355
5.659949867854202 -72.06341618119227 nan 21.177722228510657
5.696703901359728 -72.07781775364492 21.255079890783193 24.560864643239032
5.658515893150058 -72.0628691419073 20.121793942928075 25.324898208363518
5.689598648068497 -72.0750920116306 21.70088517185827 22.642044153835897
5.68505391623674 -72.07334588191193 21.288433282473104 24.374092491195114
5.664963558967688 -72.06566491580412 nan 19.528784358704964
5.705413785350452 -72.08147185580006 21.162976168191246 25.22268910398054
5.6572945387408895 -72.06272297245559 nan 20.034318748485223
5.689349043216166 -72.07532681728014 19.23158929202817 22.692959213964446
5.681464553765705 -72.07216652483925 23.192178131484525 25.214226514702865
5.716152111653628 -72.08583052838144 22.510530232292 20.333580226953465
5.642203128862188 -72.05686313797379 nan 23.68891948089298
5.665588117536318 -72.06613257006534 19.65693648403233 22.203668176659786
5.621342685806331 -72.04865689662242 20.124866446593963 23.347963555664663
5.636344718451805 -72.05464663942465 20.4231507310852 nan
5.697303981370557 -72.07867418921377 21.57680635583595 24.784125981606397
5.667679742692837 -72.06708802117899 19.572790655838602 23.921931555457952
5.663495453149975 -72.0653871046525 22.092289052305176 23.8077250488729
5.701709135609303 -72.08045425036107 23.25935331892181 25.168841204246423
5.633973510173988 -72.05383129870222 21.956928233015702 23.3206361114313
5.6976621076167415 -72.07894302846744 21.736733609313305 nan
5.635486958254087 -72.05443852911164 22.06872136469852 24.672991815013432
5.621484440492151 -72.04901597251073 22.336629077454994 nan
5.674149003591816 -72.06980404879893 22.71511403213936 nan
5.7125471861224755 -72.0849306748512 21.776942505791546 27.24211347479229
5.6947792903978165 -72.07796797266953 21.954471453844178 22.857962366458587
5.605626114707148 -72.04283251267377 20.8691078966567 nan
5.711483624609532 -72.08460355047961 20.585351063010254 26.333442114029115
5.6626864458981006 -72.06544448121976 19.84852850174675 21.60468297559305
5.657254084913975 -72.06325876967638 21.74404006553536 24.975256435937947
5.695903169021603 -72.07850579700674 22.650310504759275 23.52846555570989
5.63463692513947 -72.05445462301016 21.19084952702076 nan
5.66717631280625 -72.06740219350655 20.34897607972017 24.24111424450728
5.695190644309706 -72.0784442637788 20.376352220245117 nan
5.648063855675282 -72.05990630085513 20.016140749098263 25.56792603925488
5.69963042334716 -72.08025122591161 19.574955492258077 23.546410539288896
5.630153101805242 -72.05292661213976 23.113793800402448 nan
5.703070834604237 -72.08169931286486 23.258093406245624 24.22311403778004
5.655044176941858 -72.06279744266509 22.926805156481294 24.042860842328487
5.670898455771688 -72.06908060838066 20.680210598305784 nan
5.686187875237241 -72.07514813028442 20.420271735857465 20.943535612651228
5.6347630720055895 -72.05485687756754 22.194136442089082 23.48625119900445
5.68963731299727 -72.07650446685312 23.16281221845926 25.306249788599477
5.610374418900146 -72.04548710906367 nan 23.012034900972786
5.605982346229578 -72.04369034778763 nan 24.417408366314913
5.629661157932061 -72.05312606450073 nan 23.736004832340676
5.689062475351325 -72.076624954173 19.59842262397271 19.125261212452997
5.660412826372041 -72.0652980439064 nan 23.71122556468695
5.6919930916425425 -72.0776636160994 21.46623049796365 nan
5.6998775061207025 -72.08083054518015 20.062803710235258 21.279206267052416
5.671446850485632 -72.06976247473494 22.55769242400912 23.044650144558723
5.680709557480509 -72.07348118866986 20.791830654648656 24.7920101095882
5.695268142349285 -72.07921143268122 19.74184644640647 23.28022649658523
5.665023063171517 -72.06727283714397 22.585461889608787 nan
5.698309580681177 -72.08044288393788 22.56193399911961 22.07950098674317
5.701031409336753 -72.08161487546515 nan 20.109678406147303
5.606412953782218 -72.0442030847762 22.049092550680285 21.446309296983785
5.696691758553794 -72.07988488381002 20.203012636915464 23.310741055975402
5.615353421110974 -72.04775641782682 21.417776177475766 24.305986047052407
5.641663358987579 -72.05833544222675 nan 23.426569511525997
5.658881605868836 -72.06512808901597 nan 23.060356768343105
5.667803077930664 -72.0685488719639 20.792772016556967 nan
5.696176305996061 -72.07979922079465 19.29754569716996 23.017990558294244
5.60294339111126 -72.0430919787826 nan 22.928904098245155
5.693108186259706 -72.07857919062769 21.56886652880135 nan
5.655282422207298 -72.06370819971244 20.860379006807342 20.025147925602017
5.656926421246637 -72.06437964912702 23.124967889227946 19.230804263006714
5.676398921083894 -72.07205749165777 23.536923278452505 21.807610331329983
5.641859395278492 -72.05851214988034 21.35961337899261 24.92769302968714
5.691654979115422 -72.07813694008938 21.286259645467617 nan
5.648018704649174 -72.06095733428896 21.256274359584605 23.671553754516726
5.681073816316846 -72.07399247451791 21.72458969500695 22.56561619721498
5.677770411082457 -72.07271815820032 22.213165857525055 19.725380867591564
5.674478876109249 -72.07147209311285 21.336571685481015 nan
5.6608463905591515 -72.06612058095918 21.762226017520764 nan
5.666966137393588 -72.06864143805643 21.091478061624315 nan
5.665593764087803 -72.06819580432276 22.636830401563067 23.258012757101103
5.69780510646343 -72.08101565658973 nan 24.039142402175962
5.629335465308036 -72.05396197433616 20.51308659881283 nan
5.605019319049645 -72.04439147518404 20.125105816692702 24.413460449648905
5.649101448728774 -72.06189834669662 19.354994669574523 20.889170359340614
5.612837294430501 -72.04746627615198 22.571090871117455 nan
5.645733324305423 -72.06054871592386 21.03822709528641 25.20514321055717
5.670258906590822 -72.07034919183302 nan 23.67342877504956
5.618437973020566 -72.04982897685183 20.358323204165956 nan
5.7054294280388635 -72.08424764924416 19.254955386555288 22.959209368167578
5.700492374291501 -72.08226279161728 20.64997472340975 20.423702385882393
5.6250872454155605 -72.05255757539054 20.999458442516215 nan
5.6441292069914555 -72.06034839928839 nan 18.63737856459599
5.700990762061301 -72.0824693641138 23.379043472158614 20.415311892349422
5.7085771875047016 -72.0854897246788 22.294674595452022 24.619061354696264
5.695723181530626 -72.08044210625295 21.747130388553963 nan
5.685018774368703 -72.07626545764646 22.223021622606385 22.969316074278154
5.642490598003966 -72.05952858045806 21.54563324394158 nan
5.639664492950475 -72.05842585134052 22.253774760376693 nan
5.650829931681348 -72.06284872920067 21.053825347365883 21.59174164704799
5.669022794260171 -72.07014067546312 nan 23.965603604104807
5.6022608999977175 -72.0438288349635 19.462735887753055 22.071045676507246
5.659213659939762 -72.06627431212686 22.273393781712056 20.32194053451922
5.690588375548185 -72.07873841445726 nan 23.946248651450976
5.706612747763469 -72.0849960908739 19.86809474382907 23.38556910475026
5.647221025232383 -72.06160602662582 20.040548979792224 24.030789530192926
5.704138895448407 -72.08404875208727 21.666984791135775 25.127887605691328
5.6523121089353054 -72.0639017194834 nan 22.72789364954477
5.672006866764789 -72.07141880918618 22.904451847878065 22.721240086765587
5.681430596112356 -72.07514615802276 21.870718837538064 27.04646290072976
5.655243873499279 -72.06523549255873 nan 16.669942903580065
5.660085514420069 -72.06689932465689 20.26529858308441 26.074982619008907
5.671837522921126 -72.0716499239906 nan 23.379222132615507
5.6413637067460005 -72.05959290692914 20.390535527844357 nan
5.663944639461343 -72.06847671941894 22.431582419395838 23.484124304705922
5.686902873907366 -72.07757322236836 22.585550965792635 22.079352861199588
5.697041577901425 -72.08165438206072 20.86058524908125 24.06451311902026
5.656363370871033 -72.06572429559348 19.419639374066286 23.76736605812932
5.692405118222777 -72.07986386037804 21.18197055513012 26.492542731004793
5.679070138592915 -72.07463146578394 20.887547897023815 24.242986617535532
5.684717546988196 -72.07687995114959 21.806711253051134 26.29403147041491
5.714254217006528 -72.08868662795506 nan 23.409416908469844
5.683060264003852 -72.0763664175799 21.646706025822553 24.818057037858704
5.672683967673079 -72.07230273928917 21.125882774899097 24.484313082307832
5.703909629469188 -72.08459616910174 20.96785834105017 27.958585137812488
5.62033114676172 -72.05165061323761 21.038927697440325 23.835911372633483
5.65823481538339 -72.06669692410765 22.363681185341193 19.60096319394732
5.621547232332877 -72.052232379676 21.38592682849312 23.166022955306556
5.67871272502247 -72.07492224013232 nan 22.231546469190214
5.690899481328176 -72.07960719632216 21.238637479654678 24.342905950023034
5.652136105839273 -72.06443177927392 20.938434672227295 20.48843483319117
5.7068690349457585 -72.086056175198 22.692370451987358 20.324033589140633
5.695695846380533 -72.08179960804135 20.41443513392008 25.58377701032539
5.712400303398703 -72.08844912511269 20.526990852466135 20.58326066674494
5.660704490209242 -72.06806197742803 20.857443047527436 24.004411915967605
5.649156124501075 -72.06352933865634 20.88256136138903 25.908219424264942
5.655372348631423 -72.06599372897811 21.565975464685906 23.588096688363635
5.697027275580055 -72.08248662799443 20.188354900260162 23.455356066485542
5.622546071025558 -72.05307960326411 21.09162718841798 23.182493481694827
5.679948036873113 -72.07574101715704 22.50856517069328 24.815562424305007
5.715146026547552 -72.08980402795686 19.797208199237904 24.346956116708874
5.601917267928431 -72.04508935953686 21.746380533444174 nan
5.603009847575668 -72.04583894833117 nan 23.29757765597046
5.676563898458297 -72.07464128923705 20.082397977005936 19.765092555872044
5.673813456341465 -72.073658154936 nan 20.05200153917762
5.712055899944951 -72.0887135354128 nan 21.175804912974474
5.65798276052778 -72.06748416210367 nan 20.55023319962229
5.708897673424881 -72.08752870735273 22.273238908374925 23.88664697814807
5.711254479188666 -72.08857830971633 22.134757653333907 23.810595259917157
5.714334712352325 -72.08988870227263 20.100002429889862 20.85930611498366
5.689325499343939 -72.08016648546152 19.211865410382856 22.712402436459456
5.606549791889108 -72.04742487625103 22.607976498792738 20.125698845336068
5.678295276021495 -72.07580658509349 20.66770335954542 25.10071123626098
5.6679918164280245 -72.07175619380195 21.618082297561216 27.27587873603603
5.680358661223826 -72.07669710899745 21.10995508164961 23.814794418098188
5.698353894572562 -72.08378330597 22.390836072727268 24.811039579379376
5.6844350919367965 -72.07851773101372 19.330597781092948 21.76209243712114
5.679848329866146 -72.0766545154411 21.666382115413377 27.134632367359682
5.635768342748673 -72.05931788941307 21.62687107130579 20.238275205778642
5.705294789132635 -72.08677523502757 19.871656413347182 22.49400070666142
5.618648738965864 -72.05262634308814 21.02794222309076 nan
5.672185551681387 -72.07376706525365 21.085865601409882 23.18257562561101
5.635136182698694 -72.05927514885288 nan 24.296485970918592
5.644056658070649 -72.06269655477044 22.37491452230325 23.58640545095637
5.646801920901285 -72.06381782986975 21.32966313141126 nan
5.648011668999395 -72.06433733535377 20.219219299533705 nan
5.686217863091004 -72.07937471239913 21.225625526898167 25.05573022773218
5.682587882906363 -72.07809024902183 20.13204774750639 22.669635838645245
5.706944215430247 -72.08772528352887 19.864805390108643 21.058540226243842
5.621908566435617 -72.05424999531074 21.62857812146642 nan
5.622720998341001 -72.05463994437383 19.556754180928365 22.39909106172893
5.637950493008097 -72.06065951784042 nan 20.759370406230474
5.681842720481608 -72.07799073771004 20.16397779227978 24.377402054737658
5.691478706807643 -72.08181262103875 19.56755035348708 24.205471298984506
5.6968965748178935 -72.08391722665903 22.215916267141885 23.199727080082504
5.690174470480055 -72.08134997754452 21.843308195420825 24.495141190464757
5.677246933798531 -72.07634395320373 19.679366769679838 22.313982224816712
5.651161732529736 -72.06607759535815 21.423447897743685 nan
5.600869522123715 -72.04621006298603 22.310640476229985 25.15377829531464
5.661508341392098 -72.07026978321751 21.083046148356644 nan
5.619812301829447 -72.05385339138847 20.57741265112646 22.54318637044741
5.639130604013279 -72.06150946320854 19.887047698905747 25.987250806819215
5.685308248065804 -72.07970147055616 21.455355314326198 21.91383567827902
5.689295293920259 -72.08153289065616 nan 23.53779596767722
5.632719967495375 -72.05931093437955 22.451826182964346 18.279791952487525
5.618467923878187 -72.0539167751794 nan 21.714794762829406
5.601719526875868 -72.04712599555224 20.762545670243433 nan
5.642488106388675 -72.06321138560772 22.71464433528703 23.925105047372707
5.652641868541904 -72.0672398181367 22.059195880980674 26.020791731527645
5.689890007720408 -72.08240012065747 21.953666711304727 23.511810689050623
5.694684826018748 -72.08386549970398 22.257817928462767 23.65112836105534
5.7024988936231225 -72.0870717561621 22.38063953086923 22.932804579479736
5.639588474777928 -72.06230406333762 20.2386774973452 26.23429311927996
5.659607515158086 -72.07028984450758 19.779208766991466 22.917305037870587
5.66502495468058 -72.07246386999255 19.78859035185795 22.82560430438098
5.707019384359955 -72.08896852051718 21.659976630479772 22.571748000117104
5.663805268150111 -72.07203965749501 19.276354952778675 22.219718719874457
5.700309715551221 -72.086402940313 21.624691128383905 nan
5.669433392634888 -72.07452151789907 nan 23.249346450901808
5.670809982796164 -72.07500841448156 20.82448465095989 21.119105463831524
5.647962455457736 -72.06602012189664 20.884829494087512 25.292422213328894
5.593921657152203 -72.04467649232436 21.66897650597447 22.971836525133632
5.64235741920288 -72.0639369783741 nan 23.634771630868716
5.595223306487097 -72.045632844864 nan 19.51741986845516
5.680133710103996 -72.07919866953202 20.05504378149493 20.40539982902787
5.682547841851733 -72.08025575668935 20.436973157079862 25.614044679252764
5.641634804405968 -72.06416681347811 20.87218134542912 nan
5.67155519862824 -72.07607850387598 19.3678094846464 20.695126036251366
5.609268063075797 -72.05141151676311 22.305353306787726 nan
5.705100546594614 -72.0891989471139 22.724194323912524 24.57662609334468
5.618335098162026 -72.05501225281868 22.159992690406405 22.16965050224634
5.675163172361902 -72.07748900033535 21.649742075299663 18.828569896518403
5.701436525944425 -72.08789519575933 21.52040179844743 24.16892698271253
5.694317054135028 -72.08520998262321 19.335835220119467 22.129240742984706
5.704415709750915 -72.08926438112351 20.458535971825 25.03353786275156
