jwst_combined_catalog.ecsv
# %ECSV 1.0
# ---
# datatype:
# - {name: sky_centroid.ra, unit: deg, datatype: float64}
# - {name: sky_centroid.dec, unit: deg, datatype: float64}
# - {name: mag_f150w2, datatype: float64, format: .6f, description: Total aperture-corrected Vega magnitude based on the 70% encircled
#     energy circular aperture; should be used only for unresolved sources.}
# - {name: mag_f322w2, datatype: float64, format: .6f, description: Total aperture-corrected Vega magnitude based on the 70% encircled
#     energy circular aperture; should be used only for unresolved sources.}
# - {name: ra_jwst, datatype: float64}
# - {name: dec_jwst, datatype: float64}
# meta: !!omap
# - {date: '2025-09-19 08:56:04 UTC'}
# - version: {Python: 3.12.11, astropy: 7.1.0, gwcs: 0.25.1, jwst: 1.19.1, numpy: 2.2.6, photutils: 2.2.0, scipy: 1.16.0}
# - {localbkg_width: 0}
# - {apermask_method: correct}
# - kron_params: !!python/tuple [2.5, 1.4, 0.0]
# - aperture_params:
#     aperture_corrections: !numpy.ndarray
#       buffer: !!binary |
#         YXQ1VlFKQ2dBRURuKzdrLw==
#       dtype: float32
#       order: C
#       shape: !!python/tuple [3]
#     aperture_ee: !numpy.ndarray
#       buffer: !!binary |
#         SGdBQUFBQUFBQUF5QUFBQUFBQUFBRVlBQUFBQUFBQUE=
#       dtype: int64
#       order: C
#       shape: !!python/tuple [3]
#     aperture_radii: !numpy.ndarray
#       buffer: !!binary |
#         WkR0ZlA4UDF5RDlXRGwxQQ==
#       dtype: float32
#       order: C
#       shape: !!python/tuple [3]
#     bkg_aperture_inner_radius: 6.245
#     bkg_aperture_outer_radius: 9.474
# - {abvega_offset: 1.2345035}
# - __serialized_columns__:
#     sky_centroid:
#       __class__: astropy.coordinates.sky_coordinate.SkyCoord
#       __info__: {description: ICRS Sky coordinate of the source centroid}
#       dec: !astropy.table.SerializedColumn
#         __class__: astropy.coordinates.angles.core.Latitude
#         unit: &id001 !astropy.units.Unit {unit: deg}
#         value: !astropy.table.SerializedColumn {name: sky_centroid.dec}
#       frame: icrs
#       ra: !astropy.table.SerializedColumn
#         __class__: astropy.coordinates.angles.core.Longitude
#         unit: *id001
#         value: !astropy.table.SerializedColumn {name: sky_centroid.ra}
#         wrap_angle: !astropy.coordinates.Angle
#           unit: *id001
#           value: 360.0
#       representation_type: spherical
# schema: astropy-2.0
sky_centroid.ra sky_centroid.dec mag_f150w2 mag_f322w2 ra_jwst dec_jwst
[from data line 1360]
5.766117190786071 -72.07688827042368 nan 18.365823650485034 5.766117190786071 -72.07688827042368
5.757056936138447 -72.07783292137431 19.303873746586046 18.807079145330825 5.757056936138447 -72.07783292137431
5.773875986874834 -72.07610851514235 20.56999925788338 19.988087744305084 5.773875986874834 -72.07610851514235
5.689234073073151 -72.0847024170828 20.153300479495464 19.573270120483098 5.689234073073151 -72.0847024170828
5.771939825388532 -72.07624681021683 19.60524396411924 19.08059805567249 5.771939825388532 -72.07624681021683
5.746054938990204 -72.07889776326498 20.511039207714653 19.983233367748806 5.746054938990204 -72.07889776326498
5.764953783710312 -72.07695769262891 19.820798445533306 19.327251794892575 5.764953783710312 -72.07695769262891
5.762374497583342 -72.0772228583481 20.656906474304034 20.090513409058815 5.762374497583342 -72.0772228583481
5.737033919548264 -72.07978895127508 21.007267972335775 20.427480106455548 5.737033919548264 -72.07978895127508
5.749934554918298 -72.07839635411018 nan 18.456182083295907 5.749934554918298 -72.07839635411018
5.73566325119732 -72.07985318241826 19.64692524540493 19.115826175847566 5.73566325119732 -72.07985318241826
5.772580295174599 -72.07595284964837 nan nan 5.772580295174599 -72.07595284964837
5.719057907656944 -72.08149687894256 20.087861025802777 19.301420859954533 5.719057907656944 -72.08149687894256
5.733773291071413 -72.08002439613844 20.615155731961337 20.08839439483357 5.733773291071413 -72.08002439613844
5.748403837029841 -72.07849725123708 20.63972729060692 19.552847465096953 5.748403837029841 -72.07849725123708
5.682522978508202 -72.08518514765336 22.659795726811723 20.150291722337265 5.682522978508202 -72.08518514765336
5.708841060207276 -72.08237330311445 nan 21.608796391594616 5.708841060207276 -72.08237330311445
5.703192687156113 -72.08306061195842 20.346035032239676 19.737273941892635 5.703192687156113 -72.08306061195842
5.710449671083352 -72.08228003667327 20.546862446296686 19.834989964274257 5.710449671083352 -72.08228003667327
5.706642223080999 -72.08261956164226 nan 18.30568332345944 5.706642223080999 -72.08261956164226
5.756406172898777 -72.07758338312425 20.607750106447988 20.022688823178846 5.756406172898777 -72.07758338312425
5.717145066756539 -72.08156598025064 20.255336620483696 19.67194603395899 5.717145066756539 -72.08156598025064
5.757276011098916 -72.07746402300704 20.171797316430606 19.700704866882752 5.757276011098916 -72.07746402300704
5.757743721089431 -72.07739046750726 22.662412704682172 21.212371324719772 5.757743721089431 -72.07739046750726
5.733042145368888 -72.07986685461539 21.661280212998747 19.304404203897512 5.733042145368888 -72.07986685461539
5.67997475719023 -72.08528160489838 22.29798862753273 21.10015185360711 5.67997475719023 -72.08528160489838
5.729032088819823 -72.08028050569628 20.884651020881208 20.286543527505465 5.729032088819823 -72.08028050569628
5.7002761802108335 -72.08318016268329 20.731950958462562 20.160578770564854 5.7002761802108335 -72.08318016268329
5.8273333869534385 -72.06993467934805 19.858341468402188 19.22047672030973 5.8273333869534385 -72.06993467934805
5.821252060227837 -72.07064250256721 nan 20.020982173117808 5.821252060227837 -72.07064250256721
5.817114732123901 -72.07100749861047 nan 18.34161149854662 5.817114732123901 -72.07100749861047
5.835349115283834 -72.0691132413029 20.9226866046722 20.395657244697425 5.835349115283834 -72.0691132413029
5.820499013817627 -72.07058476419299 20.83867057672881 20.316335891614855 5.820499013817627 -72.07058476419299
5.836351564696977 -72.0689220491887 21.573253219452475 20.94715106820862 5.836351564696977 -72.0689220491887
5.828119288952883 -72.06973808590787 20.86292635572886 20.354415891923594 5.828119288952883 -72.06973808590787
5.814967538684285 -72.07097192461526 20.94855217330897 20.422082563112134 5.814967538684285 -72.07097192461526
5.816232503417556 -72.07069906864321 20.409154122435496 19.909802657437247 5.816232503417556 -72.07069906864321
5.867556584275018 -72.06527618926555 21.554784511989396 20.99080696550533 5.867556584275018 -72.06527618926555
5.852852141431711 -72.06661877134087 20.744081438145404 20.11155593872323 5.852852141431711 -72.06661877134087
5.744663783961848 -72.07753179338314 19.16878893609026 18.600979664064006 5.744663783961848 -72.07753179338314
5.843239303333559 -72.0674738298695 21.127735096124866 20.624669506128193 5.843239303333559 -72.0674738298695
5.733451194793233 -72.07871238173401 nan 19.524945770286052 5.733451194793233 -72.07871238173401
5.747959170208027 -72.07711508261491 20.92600226119604 18.43542780706997 5.747959170208027 -72.07711508261491
5.726765814314158 -72.07935718734862 nan 19.12478836661817 5.726765814314158 -72.07935718734862
5.850830975310035 -72.06661491640337 19.98958433328062 19.47213375108582 5.850830975310035 -72.06661491640337
5.831318544751234 -72.06864168853824 20.66514523647578 20.15083952190689 5.831318544751234 -72.06864168853824
5.761607215131554 -72.07577166334968 20.40564847901776 19.903205149055687 5.761607215131554 -72.07577166334968
5.754181564627309 -72.07644146587295 nan nan 5.754181564627309 -72.07644146587295
5.723810277016471 -72.07941063248309 nan nan 5.723810277016471 -72.07941063248309
5.829869641281269 -72.0686812392438 19.570113441793982 19.174767842095775 5.829869641281269 -72.0686812392438
5.700491238220864 -72.08188827431051 19.280633143915146 18.77453508967291 5.700491238220864 -72.08188827431051
5.751390076801743 -72.07663248195347 nan 17.914383216515233 5.751390076801743 -72.07663248195347
5.714814358364074 -72.08032891869341 nan nan 5.714814358364074 -72.08032891869341
5.708026631124102 -72.08108092694037 20.62990667682667 20.101448130247903 5.708026631124102 -72.08108092694037
5.690345969989222 -72.08283098914445 nan nan 5.690345969989222 -72.08283098914445
5.7734251779915295 -72.07437423239702 20.065175907043134 19.60894557004716 5.7734251779915295 -72.07437423239702
5.716639477021475 -72.08015843282688 20.18791516591304 19.697916072270964 5.716639477021475 -72.08015843282688
5.707132171374915 -72.08111284559911 20.13912936807101 19.687859285465244 5.707132171374915 -72.08111284559911
5.729998014561498 -72.07871909332397 21.018874187857 18.32433065149752 5.729998014561498 -72.07871909332397
5.767905537699337 -72.0748492236139 nan 18.14874671570681 5.767905537699337 -72.0748492236139
5.754663510546971 -72.07624133541503 20.62955133878802 20.056793241167398 5.754663510546971 -72.07624133541503
5.759039134631513 -72.07573234923221 19.62992617945617 19.152189625222746 5.759039134631513 -72.07573234923221
5.829602546712516 -72.06840862889979 nan 17.723740231327916 5.829602546712516 -72.06840862889979
5.752775525016306 -72.07630737352636 19.245798541056146 18.715614087107063 5.752775525016306 -72.07630737352636
5.698309077967557 -72.08174685457097 nan nan 5.698309077967557 -72.08174685457097
5.7266359742250215 -72.07895067138305 20.329749072099997 19.8220979567281 5.7266359742250215 -72.07895067138305
5.700848841219233 -72.08156878594059 20.859695014618133 20.33029758696837 5.700848841219233 -72.08156878594059
5.712768406919205 -72.08030838629358 19.286364475874333 18.757924712514082 5.712768406919205 -72.08030838629358
5.743515495394116 -72.07708356377496 nan nan 5.743515495394116 -72.07708356377496
5.7449637319619455 -72.07702446015779 20.861791836888493 20.322619478523443 5.7449637319619455 -72.07702446015779
5.725832166458286 -72.07894782643933 22.78226325950963 20.60075430893663 5.725832166458286 -72.07894782643933
5.767229066955477 -72.07474000462179 21.042514034337707 20.49362266049657 5.767229066955477 -72.07474000462179
5.708614361985088 -72.08058147806805 nan 18.13538005409727 5.708614361985088 -72.08058147806805
5.711262750149835 -72.08036813407764 19.653551872307762 19.151403756536595 5.711262750149835 -72.08036813407764
5.735208974346183 -72.07792491537334 19.263603174272504 18.78305663759521 5.735208974346183 -72.07792491537334
5.732997185441755 -72.07815840223928 19.71627820473129 19.202669062419325 5.732997185441755 -72.07815840223928
5.710487434406194 -72.08039553705359 nan 17.990423017235937 5.710487434406194 -72.08039553705359
5.706192218829932 -72.08088310199463 19.93404981729045 19.54911478946267 5.706192218829932 -72.08088310199463
5.721700786003086 -72.07925355660198 nan nan 5.721700786003086 -72.07925355660198
5.690701894548258 -72.08243187250699 19.74162648859892 19.27814092868605 5.690701894548258 -72.08243187250699
5.728648844023695 -72.07855592107146 20.06316028285758 19.528611407864766 5.728648844023695 -72.07855592107146
5.740951526705673 -72.0773068202834 20.973379698598364 20.36749761732886 5.740951526705673 -72.0773068202834
5.709446863427876 -72.08045436711373 nan 17.893858379975335 5.709446863427876 -72.08045436711373
5.70722009008419 -72.08072863118115 19.88557843387983 19.4784026206503 5.70722009008419 -72.08072863118115
5.745337655608778 -72.07678563350788 22.10305039124789 19.371867918380747 5.745337655608778 -72.07678563350788
5.834336292795293 -72.0677390165402 20.69526565268891 20.107669154319066 5.834336292795293 -72.0677390165402
5.767007109642269 -72.0745925827061 19.213134947511264 18.673746315450863 5.767007109642269 -72.0745925827061
5.754537577014397 -72.07583304161489 nan nan 5.754537577014397 -72.07583304161489
5.734401836125205 -72.07795472297157 20.789526635477216 20.200685650345562 5.734401836125205 -72.07795472297157
5.749704418377627 -72.07637445024258 22.06956333433072 20.504960620467845 5.749704418377627 -72.07637445024258
5.738965953606334 -72.07742875075633 nan 18.351472458390283 5.738965953606334 -72.07742875075633
5.850472667233743 -72.06583986090821 nan nan 5.850472667233743 -72.06583986090821
5.699791886935945 -72.08131866426756 nan nan 5.699791886935945 -72.08131866426756
5.83611690473383 -72.06752106656354 20.293043395124318 19.778753709122725 5.83611690473383 -72.06752106656354
5.752638437376672 -72.07601055644145 19.716551946306055 19.267714889172456 5.752638437376672 -72.07601055644145
5.854467630414816 -72.06553413212377 19.840925193374467 19.392048379949003 5.854467630414816 -72.06553413212377
5.831559008916408 -72.0677776975143 23.0796862397268 18.756003206003584 5.831559008916408 -72.0677776975143
5.711484145183165 -72.08016521339795 19.29077460800999 18.783556094918836 5.711484145183165 -72.08016521339795
5.855825030740302 -72.06538366882049 19.481640408079826 18.95787713296869 5.855825030740302 -72.06538366882049
5.689044891436481 -72.08239786802453 20.42370270736921 19.88951959014434 5.689044891436481 -72.08239786802453
5.735861825374579 -72.07757903932607 nan 18.279660794278545 5.735861825374579 -72.07757903932607
5.686684084039929 -72.0825908583373 20.10686003628836 19.605524637275565 5.686684084039929 -72.0825908583373
5.74088906567874 -72.0770740573087 19.949601242641535 19.4888848562845 5.74088906567874 -72.0770740573087
5.83392520804551 -72.06749059194158 20.82271097203086 20.031099254573412 5.83392520804551 -72.06749059194158
5.705180991406277 -72.08049623331296 nan nan 5.705180991406277 -72.08049623331296
5.83642011826384 -72.06722793513606 20.237500238208618 19.74575902949657 5.83642011826384 -72.06722793513606
5.729391497007733 -72.07815235177911 20.45696911442908 19.867784280311803 5.729391497007733 -72.07815235177911
5.846069226868482 -72.06548577579487 19.57536182775683 18.679318346665866 5.846069226868482 -72.06548577579487
5.766965527332094 -72.07420356319254 24.077103180129882 19.437519161934688 5.766965527332094 -72.07420356319254
5.76550736789712 -72.07431360884021 24.44888204103382 22.334377036976033 5.76550736789712 -72.07431360884021
5.707763740310895 -72.08026759859546 19.265883831101615 18.787781984120414 5.707763740310895 -72.08026759859546
5.68837578763387 -72.08224947820878 20.049061789909295 19.69027777321338 5.68837578763387 -72.08224947820878
5.767854407059342 -72.07414882136132 20.178918339321555 19.62786022525433 5.767854407059342 -72.07414882136132
5.752743767874252 -72.07567505280338 20.572317880547455 20.055359565627008 5.752743767874252 -72.07567505280338
5.691827708740226 -72.08175792682616 nan nan 5.691827708740226 -72.08175792682616
5.721716173418986 -72.07882294558733 19.93244630230943 19.476009492685147 5.721716173418986 -72.07882294558733
5.735608666930312 -72.07738729016842 20.21368875245274 19.734689679459386 5.735608666930312 -72.07738729016842
5.686091276944127 -72.08239229124281 19.588323007890338 19.131393763983105 5.686091276944127 -72.08239229124281
5.768803278950642 -72.07398429730573 20.762537852946487 20.17782704062731 5.768803278950642 -72.07398429730573
5.755516468560117 -72.07521730217853 nan nan 5.755516468560117 -72.07521730217853
5.7100929964594895 -72.07992584088055 19.565245817939932 19.067783369683497 5.7100929964594895 -72.07992584088055
5.6950693822320515 -72.0814532800423 19.9477617242816 19.41844062869281 5.6950693822320515 -72.0814532800423
5.68537701416671 -72.08244480322085 20.052741151321527 19.854686367436948 5.68537701416671 -72.08244480322085
5.737010506455502 -72.07718557480248 20.478966156511287 19.970372947661005 5.737010506455502 -72.07718557480248
5.7281030656959615 -72.0780775431568 19.874631000441035 19.350852297599474 5.7281030656959615 -72.0780775431568
5.834455106382997 -72.06716678352531 20.235346930776856 19.740718258571217 5.834455106382997 -72.06716678352531
5.815803740379402 -72.06908889938838 20.706450351305683 20.22448152329441 5.815803740379402 -72.06908889938838
5.702900875799115 -72.08055692900778 nan 18.35288040318199 5.702900875799115 -72.08055692900778
5.855343245774681 -72.06494181646 nan 18.585949906747175 5.855343245774681 -72.06494181646
5.815005550220839 -72.06915003649549 21.557482528925007 20.999766091649775 5.815005550220839 -72.06915003649549
5.737662503263771 -72.07703224092592 20.669212840625534 20.06917630775395 5.737662503263771 -72.07703224092592
5.736598499777629 -72.07713241986079 21.018411228446055 20.47396589198148 5.736598499777629 -72.07713241986079
5.73160365137636 -72.07755010462073 21.401251477708513 19.600712453334097 5.73160365137636 -72.07755010462073
5.769829884835138 -72.07373645153992 20.60343421683325 20.031846348302423 5.769829884835138 -72.07373645153992
5.700559126886985 -72.08058769935063 nan nan 5.700559126886985 -72.08058769935063
5.729955588695034 -72.0777870133639 20.39437938390344 19.885954272404284 5.729955588695034 -72.0777870133639
5.67025779713503 -72.0838462244786 21.633573259067866 21.35850690157639 5.67025779713503 -72.0838462244786
5.672619507374284 -72.08360056242643 20.021273845887922 20.79683669735666 5.672619507374284 -72.08360056242643
5.771180989659303 -72.07347312424587 nan nan 5.771180989659303 -72.07347312424587
5.689460634188819 -72.08186811459794 20.68777299310019 20.170058486651683 5.689460634188819 -72.08186811459794
5.739338731392669 -72.07668371236609 nan nan 5.739338731392669 -72.07668371236609
5.724402822333183 -72.07828363198917 20.364925117663567 19.825564581589816 5.724402822333183 -72.07828363198917
5.713836863036963 -72.07925805352815 nan nan 5.713836863036963 -72.07925805352815
5.851136675090881 -72.06531877572996 20.08041385697767 19.577771447810164 5.851136675090881 -72.06531877572996
5.7545120972720465 -72.07517571176521 nan 18.211099178971676 5.7545120972720465 -72.07517571176521
5.724914042116402 -72.07821351803535 20.725638854502833 20.15137919778375 5.724914042116402 -72.07821351803535
5.763288348013231 -72.07427617056572 20.356620302644416 19.940089937702247 5.763288348013231 -72.07427617056572
5.85258287231169 -72.06502788200949 nan 17.760937666433847 5.85258287231169 -72.06502788200949
5.689844797513837 -72.08170198846494 nan 18.283104953643992 5.689844797513837 -72.08170198846494
5.853921017451772 -72.06489888977866 19.15191544942053 18.42724816651168 5.853921017451772 -72.06489888977866
