jwst_hst_matched_cmd.ecsv
# %ECSV 1.0
# ---
# datatype:
# - {name: ra, datatype: float64}
# - {name: dec, datatype: float64}
# - {name: f150w2_mag, datatype: float64, format: .6f, description: Total aperture-corrected Vega magnitude based on the 70% encircled
#     energy circular aperture; should be used only for unresolved sources.}
# - {name: f606w_mag, datatype: float64}
# schema: astropy-2.0
ra dec f150w2_mag f606w_mag
[from data line 1371]
5.658119801441974 -72.07979615469222 20.767225457997014 24.16770699389155
5.673812639948236 -72.08602970911377 21.047129257468487 25.92937063110906
5.618276593998785 -72.06415809743649 21.94159645487389 25.26147536809325
5.649977416128353 -72.07681778921489 nan 23.794580154673888
5.643866050596405 -72.07433052517193 20.62887096364532 23.89213252032288
5.662454140427571 -72.08177778406345 21.360165237464795 23.163998994895902
5.663191674199993 -72.08204208430573 21.249438533764973 nan
5.62285525016204 -72.06654735935136 21.350401800828372 20.14365485882218
5.623734197360802 -72.06663512200099 22.55401259439698 23.019143704159998
5.5744067896553675 -72.04714391781852 23.485179099026915 24.455712342330862
5.642735072141609 -72.07416839479706 21.28928739610079 23.522528423131256
5.618916907073542 -72.06479784150578 22.360268411852818 23.5705514500271
5.6575921421595226 -72.08008437053117 20.715885387362732 nan
5.588707429219472 -72.05291468954005 22.623589134969535 19.639276119513134
5.636543089399772 -72.07189407329422 20.281504306818647 24.63884132096938
5.577952013661925 -72.04873739347136 21.84103216768172 nan
5.610565319957902 -72.06174807584232 nan 23.734579185626643
5.660012511845568 -72.0811790883853 21.005038001315736 22.07250781653939
5.634394691356299 -72.07126123530483 nan 18.99882579381341
5.601736582315496 -72.05828222505866 nan 22.57848605623714
5.586312705521775 -72.05213304321862 21.378798100255963 22.859229488791016
5.6184545848865 -72.06488488023462 21.483463840670204 nan
5.661438909969477 -72.08204636852463 20.870186034253898 nan
5.692589112031689 -72.09472549152703 nan 21.564599751414324
5.666473374221264 -72.08403080864167 22.39637013453352 25.52556165726516
5.668777453287537 -72.08506956087264 nan 21.439552544532056
5.6587475881147835 -72.08102022672075 21.05270001351287 nan
5.682835201333306 -72.09062704499665 19.624059059008122 22.132681832813415
5.603374360826048 -72.05932104933314 nan 23.26314409186077
5.6925451501443955 -72.09438555233122 22.87968481861259 24.873871894690197
5.600706944299477 -72.05822606807669 20.53919392726338 nan
5.609090791912073 -72.06152679216441 22.035341245007437 nan
5.661303708357955 -72.08217131303059 20.46049886261168 23.949135817144242
5.593109568110828 -72.05683529155361 nan 17.76367197064092
5.650608098023723 -72.07831217819752 nan 23.373611447157295
5.695985869077613 -72.09612724964472 20.547124722220346 27.45506527635697
5.674335872342982 -72.08765702712606 20.11983503501647 22.738172824211805
5.606400864435444 -72.06108031024135 20.024743940425473 22.945525029590478
5.668199327147315 -72.08547556176548 20.70457294083878 21.32713546694848
5.670404355469532 -72.08636762789405 21.65434032789709 24.148418312175878
5.636405695444476 -72.07299760245922 20.762984896331893 nan
5.6366034274896535 -72.07308115765657 22.87764687712103 23.835294803327205
5.670742870083148 -72.08664497643133 20.80746846377379 26.188015363039884
5.675472968939659 -72.08854757158794 20.49910950394851 25.189318905056464
5.6684629155804425 -72.0857859401408 20.5254970350529 25.209559247376188
5.620514680184908 -72.06689936307342 22.684366245046192 18.021557504813565
5.629756322433021 -72.07074922993216 nan 24.130890582325673
5.5917866565262075 -72.05574145289388 21.767252520497017 23.257038644428548
5.582399727384278 -72.05216482052327 19.257259776816355 18.922311315639377
5.678050786363966 -72.0898925958836 19.506503250943577 23.283195490881578
5.6003765110978545 -72.05919504863618 22.714330684017206 22.024614759743525
5.679902517268253 -72.09080957829998 nan 22.98295855187504
5.678852974668941 -72.09024251163527 20.127492270507013 25.316863079453462
5.669887346327768 -72.08677912376089 19.348497927054417 23.06369008403506
5.673130143045724 -72.0879867897802 20.964261020753558 24.05600796009568
5.618403053939937 -72.06642647315465 21.824454644896512 nan
5.686653844608271 -72.09337392961818 20.301495800970763 20.87463856727707
5.615239745418354 -72.0652256857163 22.09726913093464 22.847962618393833
5.653561640926015 -72.0804755434911 nan 21.119728682025297
5.579826704310017 -72.05128838000358 21.7854280736753 23.255169767340124
5.570174516107987 -72.04747701642457 22.65560046302723 25.732939132902384
5.640748724290413 -72.07539440854497 21.695934967587462 nan
5.644468596133506 -72.07701898684253 nan 22.90989397700945
5.6392485746085965 -72.0748185992583 22.04436174281239 23.949804994984127
5.641813742912786 -72.07583737506707 22.427943759936007 19.737916993677707
5.630642583005604 -72.07145222088133 21.52146801191062 24.418533254839957
5.650798336257116 -72.07939618299838 22.871905719450172 24.00960432991032
5.65959685047645 -72.08286329242544 22.544199725354098 24.570020401129735
5.5789858972970405 -72.05110305474687 20.06479056928019 nan
5.6338445883487385 -72.07276235774597 21.845118852705106 22.960236525697486
5.605627859629439 -72.06171759897168 19.19359526983924 22.012863428750787
5.656314560233248 -72.0817824115198 20.399394062967023 21.89053657593726
5.609494188248933 -72.06329825615184 20.385939456179035 24.631823882582943
5.650496263643921 -72.07977489206347 nan 20.4055197584575
5.64254009705236 -72.07662505520189 22.88762102507937 23.421065989362713
5.637581285146623 -72.07459356319566 21.990969687941913 22.637682317829455
5.632178582885531 -72.07272509068254 19.854643486129177 23.116572706188567
5.690306318992236 -72.09558031055106 20.848581511771656 25.346807887657004
5.622625877950909 -72.06895541833642 22.450525391761605 23.52043002203006
5.674828928808908 -72.08960268282658 22.532097229925604 24.65046311579439
5.683029669624912 -72.09293882832483 19.46835564634442 19.079513713975427
5.625024492284319 -72.07020063686743 nan 23.706786787349625
5.5895265482168455 -72.05605941623833 22.45242669703455 24.291026594786555
5.606986210256949 -72.06306846963032 19.86412912980262 24.436087939962224
5.671222555102294 -72.08843273665964 21.518848988494682 21.984983254987185
5.577193974998604 -72.05143864608945 20.216315237088452 22.971891858463625
5.67647909020267 -72.0905653642054 23.91511658514421 24.86471734916578
5.631043815151463 -72.07273384958155 21.496608254652024 nan
5.673007428498 -72.08936077419852 19.313912761869993 22.62236278556026
5.639053387436297 -72.07595699307394 19.79614338131121 22.958340799580114
5.643852305059449 -72.07783918159146 20.440361660406577 nan
5.664784325440407 -72.08623838037207 nan 22.531107019742336
5.60321500468527 -72.06193207404276 19.84746193769552 23.317593755010755
5.650763374400683 -72.08071118812082 19.716239792309043 22.26991181240287
5.681033232641955 -72.09273038716832 19.630699626742928 23.528863431703915
5.624818610424997 -72.0705525975446 22.336071414184023 26.119249775863878
5.592835423161703 -72.05797648821381 22.05158271637397 23.350670333428635
5.6064079515716525 -72.06357982145512 nan 22.611215078276217
5.681679265320375 -72.09317224683792 19.75559852418275 22.806574302018028
5.5683082955733285 -72.04840765502232 21.643432390982518 nan
5.615380721860511 -72.06702070850952 22.37897481299733 25.79713854812134
5.58073459025966 -72.05334301024207 21.42468996217456 24.404219564972017
5.596957149941231 -72.0598565676198 20.31363853057207 23.622250877149522
5.5826396580375865 -72.05412497604388 22.305482854091018 nan
5.600075033156831 -72.06110856425211 20.08605184607648 nan
5.631545562401879 -72.07357318198116 20.90468514390347 nan
5.681741350854813 -72.09341980109731 19.604145240587826 22.114429396083437
5.595682256786667 -72.05943615298396 21.606967551053927 22.229184544023852
5.649381919952583 -72.08068915784705 20.196801029942506 nan
5.642626916685615 -72.07809552930397 19.315021182225898 19.569740796767647
5.652371439826871 -72.08186116866896 22.3660870062672 24.216596264612217
5.623099881977182 -72.0704265675308 20.82082954907152 23.996365564995763
5.6246736786018685 -72.07111180364083 19.333790286380086 22.814910999510644
5.6370296612492234 -72.07590140446251 22.936560232326222 25.271613909811503
5.566624907662495 -72.04809733198482 21.277937172724986 24.623851164492187
5.576385014486717 -72.0519879902426 22.865477768885047 23.027415677742457
5.593636132579056 -72.05912214580886 nan 23.32921126841764
5.565043198213536 -72.04772445471349 19.673585911408622 24.32293480319303
5.68952456706699 -72.0967874272402 22.39447119585448 23.6094047374813
5.68565584047476 -72.09535272780026 21.664022033401167 nan
5.645850838479175 -72.07984606784866 nan 23.03844774896094
5.672599323573943 -72.090216865121 22.30292307508922 19.55388004674413
5.661193728366505 -72.085866496043 20.53494809326645 21.900066977858017
5.6552737939674484 -72.08342479566183 21.814606906844066 nan
5.5754936213497 -72.05206016892747 20.71399172194438 nan
5.688789893967627 -72.09682065839253 21.271791808571372 22.643768613716375
5.637023134384088 -72.07643571162647 21.339094897618523 19.582358944290462
5.5791317365113775 -72.05357912950979 21.71470112656879 20.13282459545939
5.643947641304662 -72.07942559253262 nan 20.908413895940104
5.648666445469893 -72.08114058259179 22.467354602410815 nan
5.565430549326136 -72.0483585172438 19.46050791317881 22.219288747153954
5.618681739492424 -72.06933984637004 21.74434586586856 nan
5.628451010191194 -72.07333061334346 nan 23.515497635741802
5.575914423665568 -72.05254374591098 19.52951941892635 23.074280739734366
5.633447498248754 -72.07525203794043 20.63311218877375 23.627264576155522
5.588718701237047 -72.05765475342766 20.427448885827893 21.969381445805517
5.606957440679425 -72.06489392304837 19.711854901229046 22.547095883670835
5.6843925877952355 -72.0953691350757 21.588025054739223 nan
5.6126559381305166 -72.06726849433032 nan 21.01344525169708
5.665761249649145 -72.08815483653835 20.862750397395622 nan
5.6070972924178415 -72.06505053551605 22.870938987482596 21.67996647939438
5.66304832181522 -72.08714909168961 22.56918137226579 nan
5.575867029423804 -72.05284804215884 21.044051801891094 nan
5.6170745364664985 -72.06907441858564 20.8384037069225 nan
5.687601422071441 -72.0968904242237 20.71060369096255 24.216080790449215
5.635227443314693 -72.07636027303117 20.360291217941676 nan
5.654018026412337 -72.08382291933556 19.217590379484363 24.186190540457375
5.605462290702602 -72.06463898893637 20.366067987887714 nan
5.651216974654742 -72.08275044221604 19.29818170573015 23.27405018853085
5.624656126044101 -72.07234963130048 20.712911933663914 23.684973990183668
5.627494856899178 -72.0735303900065 20.684364238240754 23.366853798521657
5.639216903389056 -72.07815120528603 20.915585131262553 25.43193007982003
5.642147799885738 -72.07947427146296 nan 22.8870831539876
5.664200214463315 -72.0881314002482 nan 23.79577790880468
5.620009544589562 -72.07071437950304 20.70024338217454 24.64895043275331
5.6299956543802 -72.07458652163177 22.79895536414372 24.857293938247228
5.667454042229031 -72.08946837703444 nan 23.841521764022534
5.629104654025973 -72.07429563571861 20.571891032622467 nan
5.67598242146737 -72.09274990583543 22.932589730652147 25.876040562855245
5.652494720907439 -72.08359507896905 19.999856037447017 24.592335976198758
5.5919808155572435 -72.05970026919344 21.659840783207386 22.436441490335206
5.635533410976198 -72.07691836199889 21.12798913510025 21.160004398124418
5.654918073245597 -72.08454787216034 21.755276949210298 nan
5.653721949571446 -72.08421079307577 nan 23.625589638415924
5.68257542788009 -72.09550751884015 20.026981702534904 21.25010176460824
5.587827110438416 -72.05813670350857 23.05315768797279 nan
5.607543124062842 -72.06656422188105 nan 17.96644298121409
5.580211606292638 -72.05521978409055 21.906501732702626 nan
5.6751533281032875 -72.09274675859444 22.27454165990047 24.808978808726316
5.660050659988525 -72.08693292831036 nan 23.154632518445684
5.58386767333333 -72.05684295258845 22.028457878874303 24.42044584522428
5.681487292871464 -72.09540905699245 20.601556421541424 22.849550706202102
5.669435059218553 -72.09076999833235 22.219513417658654 23.6244173328819
5.64061876429406 -72.07945865901452 21.559331596820797 23.611810554915493
5.593728600307932 -72.06095108318218 21.23311706160709 27.113890830104694
5.655397453654735 -72.08550547638876 21.72010689243904 20.63542964524099
5.568350197468351 -72.05102999148319 22.140250558185016 nan
5.649469526824767 -72.08307709102606 21.719489671283803 23.52615255318097
5.609920992982496 -72.06754299682312 19.870553441288983 22.49565901590482
5.651214017917743 -72.0838729397853 19.30298192065552 21.53197760782
5.591083592284332 -72.06017529428878 20.37345305203113 24.32125659285714
5.680442788461698 -72.0955774763708 nan 23.155560005745507
5.603412935288384 -72.0651322427117 19.875261708407052 24.423626990083655
5.562798342881296 -72.04909964843452 22.36486636011358 nan
5.604316336834996 -72.06553078479922 21.479988100327947 21.484204504176283
5.632940241699053 -72.07681585462414 22.66249896991154 nan
5.626110652679142 -72.0742711145155 23.71352395445315 23.125289121651132
5.649345831718749 -72.0833698278725 20.801396925700907 nan
5.650508920242864 -72.08380682131221 22.24536970565717 24.593326837165762
5.569443143381797 -72.05182715897766 22.63265798965533 nan
5.575348596202437 -72.05417285437674 22.353154485386714 nan
5.567717211906091 -72.05136887083316 nan 23.106113582080425
5.6424139396776685 -72.08075444960515 21.601977604520506 nan
5.593873865293348 -72.06173678171889 nan 21.48262899278027
5.61278430953184 -72.06916785823921 20.396484094617378 nan
5.660548814141529 -72.08800390916706 21.23245416504021 24.365614866545183
5.677060199174298 -72.09461758350247 nan 20.52899231039394
5.668923202900986 -72.0913615066502 21.678078209568817 19.820030381705976
5.578413373944699 -72.0556793514662 20.57818253842229 nan
5.597984103178582 -72.06342815315476 21.955540950204977 nan
5.646749277525655 -72.08273869992901 21.24754824331593 nan
5.634476328740814 -72.07795415753863 19.842535869154883 22.57162894658916
5.636112023043503 -72.07874619165476 nan 23.105940658986324
5.67571805881546 -72.09436207192824 nan 20.403521966992066
5.6541013380816825 -72.08572469235878 21.8869240591934 25.89670293617289
5.627592046928612 -72.07535710291017 20.090707012076216 23.681189546680955
5.615421958997402 -72.07049706913826 23.09968321783109 nan
5.660235529768438 -72.08825931879328 21.72451464167544 24.071053449380045
5.68108848018554 -72.09650203579406 19.91219941244796 21.09392627810712
5.665747720424539 -72.09044128224198 20.615550724351447 25.570973813139293
5.59213595262334 -72.0614051889281 21.077261856069818 22.305100546681636
5.670682785813304 -72.09246938638759 19.163800410232362 22.681491058733528
5.6083124951354835 -72.06785392227314 21.159871216811773 nan
5.631116607843225 -72.0769016050556 20.031812904839054 23.186307957970747
5.654054837437018 -72.08589954589539 21.427834813514245 25.358529672533322
5.624632442300536 -72.07442024642862 nan 23.052943857714276
5.613110662065219 -72.06977840141258 20.660351874678092 nan
5.608946555055834 -72.06826562897218 nan 23.710981286993672
5.680681559755943 -72.0967247288399 nan 19.319244236179138
5.654300924160889 -72.08607415724406 22.069659704364824 25.034350752499904
5.589129451555879 -72.06039489160872 20.316865474172033 nan
5.643514794056731 -72.08184432793779 22.56900088896039 nan
5.593197717374623 -72.06211724256157 nan 23.93066392919176
5.596488621525651 -72.06331703584655 22.03548448076718 nan
5.632850703801315 -72.07785998330024 nan 23.446891766295547
5.6066023638032885 -72.06740017644523 21.21321451670957 nan
5.634093725024352 -72.07834276463524 19.195852882508227 24.118992336415854
5.646615251019331 -72.08334309194082 nan 23.576700803256983
5.597336532678518 -72.0638058747111 21.01691655920655 nan
5.673301043982895 -72.09378424258608 21.854396908852628 23.748964950842698
5.675620724104254 -72.09473357400991 20.440035457921603 22.01813909965272
5.619872043145273 -72.0727949543753 22.22399169406222 19.653114954607673
5.676692849743117 -72.09523811550044 20.060602039925506 23.618287939416312
