jwst_hst_matched_cmd.ecsv
# %ECSV 1.0
# ---
# datatype:
# - {name: ra, datatype: float64}
# - {name: dec, datatype: float64}
# - {name: f150w2_mag, datatype: float64, format: .6f, description: Total aperture-corrected Vega magnitude based on the 70% encircled
#     energy circular aperture; should be used only for unresolved sources.}
# - {name: f606w_mag, datatype: float64}
# schema: astropy-2.0
ra dec f150w2_mag f606w_mag
[from data line 1840]
5.566613118399806 -72.05968543605098 20.136126880050007 nan
5.57121263667642 -72.0615890506272 19.35054421894576 23.20337526764143
5.66177368407313 -72.09729942668959 20.9858102227997 nan
5.6155846553059625 -72.0791603142043 19.91459402924321 22.443507695228718
5.549370683537806 -72.05295808904557 21.430434235492626 22.67056243940209
5.635033927583071 -72.08682301704359 21.414246835176414 nan
5.610353544696231 -72.07720302137695 19.363842246754444 21.598657374709582
5.625488554592583 -72.08311327383952 21.024303141445625 nan
5.600543395562897 -72.07342850169458 19.866870564695354 22.27006697549752
5.562447721595429 -72.0584090583892 19.678756733126768 21.81650415567861
5.654290361569639 -72.09470168148412 20.457886007954052 22.6671148014994
5.656606943761331 -72.09556795927122 23.451216842831585 19.297676329160428
5.553127297683707 -72.0548612091713 nan 22.478953148544726
5.639590120540982 -72.0890390351786 20.15200274993545 18.745518934228343
5.644802901158108 -72.09117387892485 nan 23.39594107486046
5.640787682231889 -72.08957818776544 19.88719247420596 22.95588874199166
5.657906427430315 -72.09628264799765 21.538044636508126 25.19515591656389
5.657238808900762 -72.09603372086383 22.066639361633243 25.30653710806983
5.597078548326561 -72.07235916040091 22.291731176816235 nan
5.633928820012294 -72.08694697998487 20.73231272798464 26.923231650533857
5.640286428601891 -72.08954308487297 19.80478861896819 19.246575646498673
5.573024518501428 -72.0631139030736 nan 23.699411676083862
5.655859948187585 -72.09577244759782 21.831977066789605 23.465702350428202
5.612151425999994 -72.07850476385589 21.691766970148073 nan
5.642665612818529 -72.09057173065094 22.846236560545975 20.42010539942074
5.642948757769982 -72.09080307732667 20.832524146301758 24.56997705111739
5.639780910845777 -72.08962846976891 21.728469410189923 nan
5.646205512715953 -72.09215401977484 22.1862850709543 22.88998786391653
5.65804759862044 -72.09682662160922 21.149945290508615 nan
5.590135238354593 -72.07014136334983 22.008000077822267 23.127798965064606
5.60928389031018 -72.07777283737353 19.539534958185612 21.649162267614322
5.612201973204662 -72.07900184525566 20.422824275741796 22.160466045828
5.598800433297936 -72.0737496202418 19.10338877709264 23.847092716692465
5.577318392829049 -72.06513934815457 21.477247195509136 nan
5.6351581721714465 -72.08801070347852 21.550316441865068 nan
5.65542453708679 -72.09632464034112 nan 23.371646700358014
5.542884741899547 -72.05174392947238 nan 23.597007031014904
5.588349933051564 -72.06969257709218 19.640554452497916 20.55255826319563
5.559418941250676 -72.0582826200481 19.404472119416727 22.660623555332833
5.596016710737419 -72.0729328093598 nan 23.01930576763169
5.645132708181369 -72.0921536315449 22.537273182660186 24.89173678504836
5.650893531538832 -72.09456110325505 nan 22.928220482663093
5.640419097358174 -72.09034544860249 20.722950508763198 23.234458894051926
5.62350552175892 -72.08379532218962 20.724835023423836 nan
5.617967204981233 -72.08168689929049 19.260780929148876 21.48683044652784
5.619247002191499 -72.08226667520994 nan 23.995990595212167
5.638944308234557 -72.08995781757262 21.268145082285344 nan
5.652363298664881 -72.09525558975974 21.895426959614525 23.420840695331268
5.626574574967459 -72.08510619757351 22.501534013654258 nan
5.577850278162526 -72.0659272632722 20.822136875994175 nan
5.658311795121001 -72.09776402802703 20.51594210317696 nan
5.570030641405086 -72.06293618196392 22.483181209259058 23.606464992392944
5.650539444316004 -72.09472795678138 21.78618862561712 22.874606811841858
5.661819276676756 -72.0991734663663 21.291852164297296 26.414640107417874
5.554622529325574 -72.05686941476092 23.231496353952785 24.801192723559694
5.659882499843303 -72.09850851581741 19.967963288154223 24.495881339654467
5.558348618519555 -72.05843251379024 22.452350004090466 nan
5.662165020678769 -72.09950372487306 23.022079066226148 25.499845629222435
5.55010620090232 -72.05532017699213 23.473098238198247 24.844541181728818
5.564190422653881 -72.06099204556546 21.96086895542949 25.210909002014027
5.574362250766564 -72.06504537266889 22.240162321958394 22.980248962703524
5.609457164401625 -72.0789973910664 19.678231225116953 23.180351800964637
5.577286213036133 -72.06642288257207 nan 23.17592423899255
5.595298660624115 -72.07343985220348 22.333809968798114 25.300725786692908
5.6280657908468 -72.08637939569539 23.10648013252372 23.52977560887275
5.62927614831727 -72.08688225722166 22.264021618612343 24.538457493626176
5.64217785131262 -72.09222524146936 nan 19.457158681963726
5.626499563550351 -72.08590907729878 20.93362419135339 nan
5.6542095951056615 -72.097050227298 19.698731919240405 21.36905178416228
5.606647411866801 -72.07835501132983 21.382404788194155 26.657548537805294
5.573003028306267 -72.06506883357537 21.253848456095362 21.990715240018304
5.63374024868981 -72.08911413668103 19.926020850487575 22.05569479775964
5.578957492416206 -72.06743604311995 22.75327797354439 nan
5.547194351920649 -72.05493715799139 23.16304722935766 19.78678884453823
5.642857420026233 -72.09275631418159 22.841030827111695 26.73313590846337
5.600236126107218 -72.07596532608693 21.506673918887437 21.31612701307932
5.618175689508255 -72.08312026717573 20.089690758516163 24.07046741736392
5.580124624141515 -72.06804853862725 22.296089126084127 nan
5.651120240642177 -72.09618277434875 nan 24.064903698083437
5.593128763784895 -72.07321253052756 22.825100205102927 19.509593656990592
5.644099000911768 -72.0933347304545 22.435283699959925 25.394345245402516
5.560558614065034 -72.06037065963285 22.490354473494286 nan
5.58463253702461 -72.07013468129574 nan 21.557563051744182
5.582762624952713 -72.06919787221723 21.335102701027363 nan
5.586629887267478 -72.07106747320273 nan 18.523850957027737
5.605376799455969 -72.07822594511781 22.98385399717072 25.01128230173036
5.573841252440613 -72.06577158678978 22.42842204554021 nan
5.643077484516954 -72.09324314506287 nan 23.13975320848865
5.566877950631008 -72.06307204879323 22.649537847692628 nan
5.596110947162963 -72.07466980293522 20.223971138911224 21.77695659133098
5.592049090935071 -72.07307882342077 21.417731239216394 nan
5.61680340280165 -72.082867683973 22.27477648907898 24.35877021239925
5.6553484747512295 -72.09823665499577 nan 23.176291411436814
5.575376167612708 -72.0665883085894 19.764636276743794 23.844397211193186
5.653783800400007 -72.09754861009124 19.5524242342834 21.6584217958785
5.634263123711267 -72.0898204351551 21.855566320166655 nan
5.555198400820606 -72.05866317337455 22.86627431067477 25.586419689164543
5.576870663266882 -72.06736768483027 20.386009598753624 18.87484870368901
5.595995306305649 -72.07506542475458 nan 20.85899538607263
5.599467403905808 -72.07641383193408 20.2589277762608 19.800402389835856
5.622504223058691 -72.08553605353038 23.546365426446364 24.349671011077458
5.6262325093816665 -72.08710591963444 20.59086498012762 25.774028266410337
5.616678514834944 -72.08343622551914 19.35494211207774 21.639119276490895
5.6326304051613665 -72.089645973982 21.753236918304353 nan
5.591348476836356 -72.07341032140428 22.263901973339237 23.638609874697348
5.636789919694186 -72.09138769152408 20.82612240943427 24.86298086719151
5.631497553439401 -72.08927784380401 22.753922119666584 26.00415108622755
5.634899307062163 -72.09070548110509 19.258485389480633 21.897430850411233
5.625252912448655 -72.08721763800605 21.22183165892787 23.79307345613481
5.579469713918316 -72.06909705177559 22.035912986523428 23.888818948783822
5.656079128897646 -72.09947548268393 nan 21.58868969534919
5.560643725083468 -72.06166713896079 22.688538463460283 27.247854135451743
5.651824045416761 -72.0976758933128 22.309729977064748 nan
5.6448272991148825 -72.09500092507565 21.74472542915766 21.020036798344854
5.6347917830691525 -72.09118806287171 19.63929456109117 20.437403532339964
5.573833299684702 -72.06720379644237 21.297415779919433 21.6961961088507
5.588398428918308 -72.07311664505039 nan 21.36305726315455
5.597639569170655 -72.07687909609795 nan 22.109325613652494
5.5927704914964105 -72.07460879212285 21.75649768106323 25.265099847447846
5.64503078967341 -72.09529366320007 19.39842526457802 23.67416887924466
5.593927579189689 -72.07513137932128 21.10734723889272 nan
5.622358455738452 -72.0863687790201 21.983591809723748 nan
5.646139551379703 -72.09578336777716 21.302484686346933 18.95478985299444
5.578632773103861 -72.0694923531347 nan 23.22924930933678
5.654771397451044 -72.09924981700702 20.345435972585342 24.60631384098986
5.603784928099326 -72.07916133563685 21.816537010355532 19.21416105723027
5.613995301022533 -72.08320799317465 21.44528839446464 23.868363398533532
5.549126054712083 -72.05774758063629 22.77324390319439 24.765215361585504
5.6409844153403865 -72.09409983222082 19.86333292820298 23.718584932855908
5.636307624204176 -72.09232243772102 nan 23.059752113334543
5.6463689926715945 -72.09625193263484 19.649605320161534 19.454862724158893
5.5597765566733965 -72.06203299292294 20.797457207306863 nan
5.566356106038534 -72.06465796933074 20.299134126772998 21.902230246434513
5.555790460036632 -72.06044278911774 22.9901558842216 24.170707696064927
5.589580672656861 -72.07384535875778 22.917503861000615 nan
5.618548913364191 -72.08529766508114 22.89011917742777 nan
5.576498136844764 -72.06901751663571 nan 22.81243359013503
5.564453742993235 -72.06400819927214 21.668041734762248 21.135918564535245
5.612887366151588 -72.08315389235422 21.98298603366196 26.326090438861165
5.6474075610889045 -72.09773081512705 22.19731781107355 22.82423031747135
5.536064550123697 -72.0528463028379 22.12741366274723 24.596343231627806
5.611707821213545 -72.08282693917522 21.832845123602674 22.788697397174158
5.656554423714276 -72.10062268449818 20.34024920856769 24.597758077808617
5.549784145959539 -72.05840206423306 21.941948259079208 24.16702682848304
5.615781057773828 -72.08450182645967 22.60287878460266 23.550538938083232
5.632727813576609 -72.09121179161558 20.754690415445467 24.947223479304448
5.600799088914945 -72.07876304694918 nan 21.268066274030485
5.564070975967132 -72.06430292788107 20.498563068439857 23.164509909003623
5.6273837360792545 -72.08937062229799 22.53880283108842 23.483593172810203
5.591351962170055 -72.07537343106124 21.94365308370508 19.650918260825282
5.626620095390971 -72.08931853828692 20.675940858974865 25.412201866699117
5.639844812929319 -72.09450741398976 22.463293784483366 nan
5.573304041691805 -72.06831535768293 22.428865140922277 nan
5.6366655510643895 -72.09337118782155 21.06742439636168 24.197482384979914
5.643853653076878 -72.09640727406516 nan 16.609950252385154
5.575755821825574 -72.06954222519516 nan 22.891256849729174
5.622900386535646 -72.08810269084769 19.24993015557215 21.826392232227143
5.565455480792507 -72.06539550130087 20.61519661785828 23.768037163879796
5.589176188585186 -72.07496636975009 19.529887905807065 21.93444262870505
5.587613151449315 -72.07439353562525 20.092766826630367 24.78319687769558
5.653644143810924 -72.10048543599346 22.740196487802805 20.791599996677803
5.57761322139688 -72.07054057676237 20.84309489297531 nan
5.652289341511225 -72.10013397147476 nan 22.887982906021776
5.543786880571661 -72.05716670667442 22.578783205197958 22.240081676673086
5.580430576378573 -72.07179386933589 20.200073158468378 nan
5.570603476411649 -72.06809128726893 19.619925540888005 23.574079895758633
5.623702109679217 -72.08904623422585 21.066019323656594 nan
5.628467611837056 -72.09116704378455 nan 19.61589503143054
5.575262455027113 -72.06994136434885 21.15870562189976 24.47293572593104
5.635125460589817 -72.09360588367454 19.986056664850686 24.25351004338522
5.581532594828892 -72.07244459225019 21.67951660165818 23.61959530641935
5.599852650273553 -72.07969666726267 21.733951836874958 23.820112071085653
5.6005132694192765 -72.07995811896738 21.66428751621376 19.67494714212011
5.577817269612682 -72.07101190681118 22.367494630923204 24.284609387883645
5.629981161700845 -72.0916257725463 20.93890987982614 23.90824070308172
5.614061156297371 -72.0853745136426 20.434560281215685 21.17441951843119
5.580675643951674 -72.0721815893168 22.101857814840038 nan
5.59428568986899 -72.07761950210458 20.99038583218514 nan
5.54872963485079 -72.05961670363146 22.549214737061696 17.853422374769284
5.598509074455757 -72.07937208649122 22.777211608096636 nan
5.635233502482529 -72.0938832594215 20.402804160636215 nan
5.587162373490023 -72.07505037446045 24.554440604676763 22.10348148657354
5.637559437408218 -72.0948465889861 21.188545178586978 nan
5.574881852287397 -72.07020772325924 20.30130213650333 24.55801211308298
5.553533474913104 -72.06174410090561 22.744531447958856 24.84757973636898
5.640240236402539 -72.09600777610106 21.555537681364562 nan
5.65047734243035 -72.10002739901748 21.761080893766373 23.85135347008515
5.5944475945567795 -72.07819517305985 nan 22.868366866722596
5.582155011563351 -72.07323006025825 21.192839378269113 nan
5.529432685948983 -72.05237631475114 22.587796505290036 22.2303888395068
5.624543963569856 -72.09012547776669 19.694774544529963 21.86272798734757
5.598538416853429 -72.07975908096996 21.4599540174068 22.03782247453232
5.63373102117013 -72.0936542312621 22.03282494050834 24.31799961697249
5.566046118183464 -72.06698050841442 21.827831593996613 25.921424114030295
5.62984364060202 -72.09216964357823 21.258612351131706 nan
5.580730485237539 -72.07296480495239 nan 24.022394097910123
5.592527833601936 -72.07755232715249 20.435060331742136 nan
5.621812142868084 -72.08919256022162 19.17003589553432 24.45526201895945
5.586717457227765 -72.07540534570018 nan 23.293025295200525
5.61392641459875 -72.08606230431415 20.50001821937024 20.956184059148466
5.553091019404937 -72.06197784870099 22.63591289932342 20.45973827461115
5.64629111566041 -72.09878531030321 22.52222106614638 nan
5.642565889879124 -72.09740390905696 20.500805136746294 23.60090305974483
5.650073735891194 -72.10040905411091 nan 22.24417777447848
5.645084098044563 -72.09853655188377 19.322787055330018 22.49059103101325
5.64126233973525 -72.09713480614995 nan 21.045445597742862
5.6349401709102445 -72.09473425171421 nan 18.642777012217636
5.596756055530659 -72.0796669135958 19.988540263664117 21.184767384532453
5.619733801288445 -72.08871578248035 20.996111862275534 nan
5.62370823851532 -72.09032277931598 20.324601447198244 25.256576125600834
5.641622692150398 -72.09747621145449 19.209837710455453 21.799902738714515
5.585113402631884 -72.07510340591732 22.307134938656972 nan
5.548368135609892 -72.060604173683 22.690583049396544 nan
5.609520462453454 -72.08482767415117 20.334790430568525 nan
5.651265356835224 -72.10134560319926 19.221691283671667 22.58674867095049
5.564347289345738 -72.06698934358477 21.3495158135048 23.548215578059967
5.539961121776277 -72.05740156647725 23.431633073257764 25.126253840103843
5.6207021937306605 -72.08952428534676 nan 24.581550690649678
5.628540018274316 -72.0926290501371 22.330414000018536 22.59912082278074
5.604960253853201 -72.08351306387365 nan 23.833665821654698
5.591543101519666 -72.07813342646254 22.57926418083293 nan
5.595503409241665 -72.07972906235773 22.634558287989726 23.278730774706325
5.594071724097311 -72.07924580472199 20.00031461583903 23.02624423886053
5.563156446385967 -72.06699826971945 21.062939755996236 20.58181810973128
5.563221143937184 -72.06723408825815 23.61591711251345 23.02754143733555
5.6451689511686585 -72.09948306606037 21.550330792625626 nan
5.581439989876612 -72.07440068592351 21.70741995414165 19.913184309336568
5.586399892656137 -72.07648959339157 21.35055915324279 18.89445605754967
5.544498839389181 -72.05984425768163 21.46212922215542 23.891318260110214
5.566917598202 -72.06876945024501 19.82581122972132 24.398717853749204
5.627969039488687 -72.09296287803016 19.873729807048974 22.706395064481505
5.6288042425699585 -72.09328088417361 21.956322091579054 nan
5.636712536885065 -72.09641739266438 20.960806146487208 nan
