jwst_combined_catalog.ecsv
# %ECSV 1.0
# ---
# datatype:
# - {name: sky_centroid.ra, unit: deg, datatype: float64}
# - {name: sky_centroid.dec, unit: deg, datatype: float64}
# - {name: mag_f150w2, datatype: float64, format: .6f, description: Total aperture-corrected Vega magnitude based on the 70% encircled
#     energy circular aperture; should be used only for unresolved sources.}
# - {name: mag_f322w2, datatype: float64, format: .6f, description: Total aperture-corrected Vega magnitude based on the 70% encircled
#     energy circular aperture; should be used only for unresolved sources.}
# - {name: ra_jwst, datatype: float64}
# - {name: dec_jwst, datatype: float64}
# meta: !!omap
# - {date: '2025-09-19 08:56:04 UTC'}
# - version: {Python: 3.12.11, astropy: 7.1.0, gwcs: 0.25.1, jwst: 1.19.1, numpy: 2.2.6, photutils: 2.2.0, scipy: 1.16.0}
# - {localbkg_width: 0}
# - {apermask_method: correct}
# - kron_params: !!python/tuple [2.5, 1.4, 0.0]
# - aperture_params:
#     aperture_corrections: !numpy.ndarray
#       buffer: !!binary |
#         YXQ1VlFKQ2dBRURuKzdrLw==
#       dtype: float32
#       order: C
#       shape: !!python/tuple [3]
#     aperture_ee: !numpy.ndarray
#       buffer: !!binary |
#         SGdBQUFBQUFBQUF5QUFBQUFBQUFBRVlBQUFBQUFBQUE=
#       dtype: int64
#       order: C
#       shape: !!python/tuple [3]
#     aperture_radii: !numpy.ndarray
#       buffer: !!binary |
#         WkR0ZlA4UDF5RDlXRGwxQQ==
#       dtype: float32
#       order: C
#       shape: !!python/tuple [3]
#     bkg_aperture_inner_radius: 6.245
#     bkg_aperture_outer_radius: 9.474
# - {abvega_offset: 1.2345035}
# - __serialized_columns__:
#     sky_centroid:
#       __class__: astropy.coordinates.sky_coordinate.SkyCoord
#       __info__: {description: ICRS Sky coordinate of the source centroid}
#       dec: !astropy.table.SerializedColumn
#         __class__: astropy.coordinates.angles.core.Latitude
#         unit: &id001 !astropy.units.Unit {unit: deg}
#         value: !astropy.table.SerializedColumn {name: sky_centroid.dec}
#       frame: icrs
#       ra: !astropy.table.SerializedColumn
#         __class__: astropy.coordinates.angles.core.Longitude
#         unit: *id001
#         value: !astropy.table.SerializedColumn {name: sky_centroid.ra}
#         wrap_angle: !astropy.coordinates.Angle
#           unit: *id001
#           value: 360.0
#       representation_type: spherical
# schema: astropy-2.0
sky_centroid.ra sky_centroid.dec mag_f150w2 mag_f322w2 ra_jwst dec_jwst
[from data line 4101]
5.616562837340679 -72.05934948822042 20.39366886677965 19.89175320307914 5.616562837340679 -72.05934948822042
5.4635493704478355 -72.07476365582103 19.367133753502163 18.85414351963471 5.4635493704478355 -72.07476365582103
5.578422731943124 -72.06316374080596 19.328262510259144 18.796328707304205 5.578422731943124 -72.06316374080596
5.563415415111764 -72.0646391201855 19.34624873499191 18.84144281867737 5.563415415111764 -72.0646391201855
5.485540635217776 -72.0723443283501 nan 20.014068109534406 5.485540635217776 -72.0723443283501
5.65582524176795 -72.05519439881398 nan nan 5.65582524176795 -72.05519439881398
5.640292393002413 -72.0567980230571 nan 17.968946796584653 5.640292393002413 -72.0567980230571
5.5716177639966284 -72.06375251116567 19.395137987034587 18.71290816229174 5.5716177639966284 -72.06375251116567
5.630600949681046 -72.05781076915787 20.093969370028656 19.83949431281681 5.630600949681046 -72.05781076915787
5.566495775055655 -72.06429383483213 19.828314322254087 19.329461391998443 5.566495775055655 -72.06429383483213
5.559068543229041 -72.06491491963808 nan nan 5.559068543229041 -72.06491491963808
5.481196701612605 -72.07286964599226 19.852618955259594 19.704916149204852 5.481196701612605 -72.07286964599226
5.503289002940786 -72.07063178632386 19.493186474905592 18.98115581861547 5.503289002940786 -72.07063178632386
5.493651319231594 -72.0716122231515 20.390640028706642 19.8812425250663 5.493651319231594 -72.0716122231515
5.609853043222605 -72.05986124724727 19.793796834643217 19.338420297066406 5.609853043222605 -72.05986124724727
5.433956291509328 -72.07748951831897 nan nan 5.433956291509328 -72.07748951831897
5.589810257093564 -72.06185892870562 19.445579620032472 18.945939762214557 5.589810257093564 -72.06185892870562
5.411266972141195 -72.07975074842071 nan nan 5.411266972141195 -72.07975074842071
5.653661609815549 -72.05539546095876 20.255137494866403 19.795919698687243 5.653661609815549 -72.05539546095876
5.626853615740224 -72.058076349585 nan 18.2901587640783 5.626853615740224 -72.058076349585
5.643050423461044 -72.05643862870508 19.305032877181183 18.564563877844137 5.643050423461044 -72.05643862870508
5.6462053195109165 -72.05613085929849 20.11844534049726 19.61194666141853 5.6462053195109165 -72.05613085929849
5.500005998793029 -72.07087410632084 19.354946771271266 18.838385746653685 5.500005998793029 -72.07087410632084
5.423131526788519 -72.07857445381173 20.212981753273485 19.52985738958064 5.423131526788519 -72.07857445381173
5.445516517358736 -72.07625337906457 nan nan 5.445516517358736 -72.07625337906457
5.63302394652058 -72.05739337217351 nan 18.04328716440311 5.63302394652058 -72.05739337217351
5.58888658365351 -72.06183484986774 nan 17.987247337997836 5.58888658365351 -72.06183484986774
5.584631816639874 -72.06229461306575 19.402999502184194 18.896455689567063 5.584631816639874 -72.06229461306575
5.629527506821172 -72.05775766076404 20.09964374385305 19.59815256058823 5.629527506821172 -72.05775766076404
5.615701881041597 -72.05910892524713 nan 17.812135916502143 5.615701881041597 -72.05910892524713
5.622486613457919 -72.05836611165545 nan 17.85844692488751 5.622486613457919 -72.05836611165545
5.656992395227389 -72.0549072062081 19.708312073274527 19.38317799276353 5.656992395227389 -72.0549072062081
5.592223799619349 -72.0614572071403 20.114006707235824 19.6146956820285 5.592223799619349 -72.0614572071403
5.582831530234826 -72.06240379980056 20.237756617117103 19.73278951287164 5.582831530234826 -72.06240379980056
5.570790601536211 -72.06361215447203 20.34762283025413 20.244825875859753 5.570790601536211 -72.06361215447203
5.647678959368206 -72.05578687052048 19.27415820877747 18.513780894486374 5.647678959368206 -72.05578687052048
5.627773294599277 -72.05780626373252 19.24004722829266 18.660458133824093 5.627773294599277 -72.05780626373252
5.54922302705443 -72.06573209650387 nan 18.31819373733366 5.54922302705443 -72.06573209650387
5.433074361063484 -72.07738357818862 nan 18.179830794119013 5.433074361063484 -72.07738357818862
5.638407939072844 -72.056718228968 19.824541104241497 19.355549764803815 5.638407939072844 -72.056718228968
5.555421310537181 -72.06500029707642 nan nan 5.555421310537181 -72.06500029707642
5.4731422219427905 -72.07329979836845 nan 18.037188030083115 5.4731422219427905 -72.07329979836845
5.571019092729228 -72.06332903941998 nan nan 5.571019092729228 -72.06332903941998
5.612333747630094 -72.0590293069257 nan nan 5.612333747630094 -72.0590293069257
5.5886827719727865 -72.06168552123553 20.22937577854576 19.751975819474154 5.5886827719727865 -72.06168552123553
5.507087229775841 -72.06991651265933 20.510948571161315 19.996047980612275 5.507087229775841 -72.06991651265933
5.633902769065037 -72.05707168978756 20.430329989319304 19.92403759411883 5.633902769065037 -72.05707168978756
5.623914722551749 -72.0577157791987 nan nan 5.623914722551749 -72.0577157791987
5.464537696815066 -72.07405273475115 nan 19.82045240828677 5.464537696815066 -72.07405273475115
5.578251192022471 -72.06268867359796 19.380903654419857 18.838021715630525 5.578251192022471 -72.06268867359796
5.504366907371191 -72.07009146631847 19.68859980337212 19.17873362376804 5.504366907371191 -72.07009146631847
5.639612506555537 -72.0563595161907 nan nan 5.639612506555537 -72.0563595161907
5.61884004721278 -72.0585259100873 20.308537527126905 19.774047877366634 5.61884004721278 -72.0585259100873
5.552608187431258 -72.06518115214067 nan 18.078170101603945 5.552608187431258 -72.06518115214067
5.577523428145795 -72.06269415272529 20.033311882339035 19.51636569378016 5.577523428145795 -72.06269415272529
5.648116562268076 -72.05547231833462 nan nan 5.648116562268076 -72.05547231833462
5.559768674202522 -72.064472483915 20.521863665350523 19.977322910469475 5.559768674202522 -72.064472483915
5.404412649731855 -72.08006191483256 19.88263946879391 19.413301670967947 5.404412649731855 -72.08006191483256
5.422300155460641 -72.07821473968247 nan 17.9290785950711 5.422300155460641 -72.07821473968247
5.640893424230406 -72.05618225675845 nan nan 5.640893424230406 -72.05618225675845
5.564360941310955 -72.06379140509064 nan nan 5.564360941310955 -72.06379140509064
5.558158582268868 -72.06455527272342 nan 18.553329296942685 5.558158582268868 -72.06455527272342
5.450930401246781 -72.07533632932255 20.49158412552157 19.922121131201628 5.450930401246781 -72.07533632932255
5.641451435590669 -72.05605102096499 20.450187384206128 19.75007246871897 5.641451435590669 -72.05605102096499
5.632280778763737 -72.05699506971844 19.509517342029167 18.99315805883912 5.632280778763737 -72.05699506971844
5.621457221131524 -72.05808859222783 20.563725671230664 20.060536555371403 5.621457221131524 -72.05808859222783
5.610000690161118 -72.05920937951994 nan 17.991947661440825 5.610000690161118 -72.05920937951994
5.492915350068809 -72.07097393301544 nan nan 5.492915350068809 -72.07097393301544
5.5593646421193785 -72.06427878299174 nan 17.86958868531383 5.5593646421193785 -72.06427878299174
5.478173893298883 -72.07249516740075 20.237861507757408 19.797016549677693 5.478173893298883 -72.07249516740075
5.583090735650297 -72.0619046756417 20.032911489124018 19.510388372706736 5.583090735650297 -72.0619046756417
5.431379110424598 -72.07712951616902 nan 18.374449159350398 5.431379110424598 -72.07712951616902
5.574961768100581 -72.06270227363419 19.72362688677624 19.299906404373846 5.574961768100581 -72.06270227363419
5.551196291291411 -72.06509095068817 20.54160059024294 19.286577306343 5.551196291291411 -72.06509095068817
5.645115717066153 -72.05559852939653 21.45394879233035 20.43644362859547 5.645115717066153 -72.05559852939653
5.5902321800788775 -72.06098906226332 nan nan 5.5902321800788775 -72.06098906226332
5.434531078376546 -72.07677195137732 nan 18.230926420676248 5.434531078376546 -72.07677195137732
5.643603656832812 -72.055667165656 nan nan 5.643603656832812 -72.055667165656
5.575828016606452 -72.06259008575636 20.424138176878024 19.86701629861784 5.575828016606452 -72.06259008575636
5.62104556336652 -72.05798742761861 19.74238490411878 19.36825065611734 5.62104556336652 -72.05798742761861
5.4285385601949905 -72.07733952798 nan 18.356608225559043 5.4285385601949905 -72.07733952798
5.471698867346798 -72.07290635898732 nan nan 5.471698867346798 -72.07290635898732
5.507545284767169 -72.06939753614925 20.081958131773188 19.641345626762998 5.507545284767169 -72.06939753614925
5.496634855002337 -72.07038546863032 nan 17.846863006341696 5.496634855002337 -72.07038546863032
5.653205230260163 -72.05460088310011 19.892659353898814 19.422504839326365 5.653205230260163 -72.05460088310011
5.617504339287909 -72.05822601506542 19.901096820041587 19.392461985695384 5.617504339287909 -72.05822601506542
5.618351119123764 -72.05813250259419 20.35536554113531 19.857969903203696 5.618351119123764 -72.05813250259419
5.549872227937833 -72.06500547162608 nan 17.978792037964666 5.549872227937833 -72.06500547162608
5.610678598792037 -72.05889154692386 20.736820578941796 20.182562771573608 5.610678598792037 -72.05889154692386
5.6574413337659 -72.05410845968373 19.267556351157587 18.138418998787742 5.6574413337659 -72.05410845968373
5.648671327559279 -72.05499694495708 22.12331641487881 20.13626124464058 5.648671327559279 -72.05499694495708
5.552856184941162 -72.06470331962798 nan 18.348778998593055 5.552856184941162 -72.06470331962798
5.444468107170761 -72.07561362756915 19.687306155289402 19.11367892504507 5.444468107170761 -72.07561362756915
5.607124330603654 -72.0591657303222 21.998489342219834 18.61439985922054 5.607124330603654 -72.0591657303222
5.581025072742114 -72.06186633172 19.860993069485566 19.34548767514327 5.581025072742114 -72.06186633172
5.477141061244385 -72.0722382884383 nan nan 5.477141061244385 -72.0722382884383
5.565570714817422 -72.06334246700357 nan 17.84442669942387 5.565570714817422 -72.06334246700357
5.424969664959127 -72.07746080449607 20.058141556802376 19.51023471665463 5.424969664959127 -72.07746080449607
5.5533404531146005 -72.06451770824512 18.99940279752198 18.415500733719355 5.5533404531146005 -72.06451770824512
5.429895717648332 -72.07687738437261 nan nan 5.429895717648332 -72.07687738437261
5.556402252957938 -72.06414627850616 20.270878206888238 19.30954608550534 5.556402252957938 -72.06414627850616
5.50150382926092 -72.06967979653473 nan 17.80597761199785 5.50150382926092 -72.06967979653473
5.469648527758904 -72.07292536903546 20.01538049363062 19.614892421589694 5.469648527758904 -72.07292536903546
5.60578268313548 -72.05917709588957 nan 18.436651547187633 5.60578268313548 -72.05917709588957
5.403375466875076 -72.07953548401298 21.11208452557954 20.182434706216057 5.403375466875076 -72.07953548401298
5.649981978142098 -72.05469934878059 19.968221806834457 19.467285949299416 5.649981978142098 -72.05469934878059
5.632595378086603 -72.0564505792628 19.219406097699782 18.61510634482977 5.632595378086603 -72.0564505792628
5.568447924725711 -72.0628897106731 nan nan 5.568447924725711 -72.0628897106731
5.635911466951241 -72.05611047098733 19.581898563973404 19.103506012450808 5.635911466951241 -72.05611047098733
5.560177901399573 -72.0637699637736 20.416253502923126 19.86992580491072 5.560177901399573 -72.0637699637736
5.625611387037485 -72.05714068361485 21.852832042868705 19.83330046347776 5.625611387037485 -72.05714068361485
5.61955194425785 -72.05773277720576 20.398002040259925 19.873528470752575 5.61955194425785 -72.05773277720576
5.587839645578478 -72.06094342217119 19.94520667038578 19.45813031527336 5.587839645578478 -72.06094342217119
5.466853443963576 -72.07304294210068 nan nan 5.466853443963576 -72.07304294210068
5.6412577856847 -72.05549545031319 20.002255123169157 19.555831083943666 5.6412577856847 -72.05549545031319
5.650535110836245 -72.05454619343399 19.52014756576157 19.00850713176041 5.650535110836245 -72.05454619343399
5.561630139831452 -72.06350117237096 nan 17.993828098150246 5.561630139831452 -72.06350117237096
5.465642780083919 -72.07319541474966 23.140978271137303 21.19194827224996 5.465642780083919 -72.07319541474966
5.450139740797862 -72.074623266397 nan nan 5.450139740797862 -72.074623266397
5.5638490971712535 -72.06330983691244 20.114403000938566 19.63355638649768 5.5638490971712535 -72.06330983691244
5.58470765855748 -72.06118803092562 19.68101669895747 18.993404091279288 5.58470765855748 -72.06118803092562
5.4250128126113575 -72.07723939241767 22.36754260318378 20.220598482590614 5.4250128126113575 -72.07723939241767
5.448827823509833 -72.07482019162639 19.224110071163793 18.670096691938006 5.448827823509833 -72.07482019162639
5.417619946904301 -72.07790491365557 nan 18.00685236172488 5.417619946904301 -72.07790491365557
5.566592375867951 -72.06296454031153 20.324755596210025 19.84249993173473 5.566592375867951 -72.06296454031153
5.567514377093673 -72.06282244447917 19.642044825548258 18.783315439837793 5.567514377093673 -72.06282244447917
5.6568123807897015 -72.05381365079852 20.679926447547523 20.202963158648622 5.6568123807897015 -72.05381365079852
5.436184948519957 -72.07604896059914 20.33581787674771 19.766841378353824 5.436184948519957 -72.07604896059914
5.574196880369173 -72.06207503567111 nan 17.744138330654167 5.574196880369173 -72.06207503567111
5.409749124311372 -72.07864785597184 20.08378373118421 19.60056457378243 5.409749124311372 -72.07864785597184
5.651904042928335 -72.05425841507588 20.275932734695488 19.81963580059034 5.651904042928335 -72.05425841507588
5.408342156360523 -72.07873402888532 nan 18.097548897764767 5.408342156360523 -72.07873402888532
5.493386735571629 -72.07023653130472 19.843028444728702 19.345607286137017 5.493386735571629 -72.07023653130472
5.613456276704583 -72.05812191073538 20.27208934174353 19.75930125664305 5.613456276704583 -72.05812191073538
5.436655568255017 -72.0759139874419 19.53722499458359 18.966931458785695 5.436655568255017 -72.0759139874419
5.62502177790951 -72.05686619903346 nan nan 5.62502177790951 -72.05686619903346
5.649424504746927 -72.05445972760991 20.379982838794238 19.885135998631498 5.649424504746927 -72.05445972760991
5.477828607463971 -72.07174389945428 20.237001888157526 19.678105074355017 5.477828607463971 -72.07174389945428
5.643623814001148 -72.05494683126639 nan nan 5.643623814001148 -72.05494683126639
5.629367222854799 -72.05644408278656 20.272552050742146 19.811370927636546 5.629367222854799 -72.05644408278656
5.618019055864803 -72.05754136419135 nan 17.812364937580355 5.618019055864803 -72.05754136419135
5.564292048255471 -72.06301339066921 20.435179289855455 19.898608383994805 5.564292048255471 -72.06301339066921
5.563788473711118 -72.06306200415233 19.93654276109448 19.46946196112195 5.563788473711118 -72.06306200415233
5.500197752437068 -72.06941246035139 nan 17.644422079946683 5.500197752437068 -72.06941246035139
5.584892093276057 -72.06091088500737 19.56443726055931 19.17753103192682 5.584892093276057 -72.06091088500737
5.481995300175369 -72.07118873429775 23.364838764567693 21.463835821790134 5.481995300175369 -72.07118873429775
5.631565648638544 -72.05614510516811 19.74880895511547 19.24521243105596 5.631565648638544 -72.05614510516811
5.495803856006474 -72.06979163792356 nan nan 5.495803856006474 -72.06979163792356
5.566580761936152 -72.06266905297522 nan 18.096574383815174 5.566580761936152 -72.06266905297522
5.550292858709556 -72.06431199965455 nan 18.297398858101932 5.550292858709556 -72.06431199965455
5.614351781999178 -72.05778467357666 nan 17.93773664511092 5.614351781999178 -72.05778467357666
5.605244290717373 -72.05869113024505 nan 17.67420266339913 5.605244290717373 -72.05869113024505
5.429167953976927 -72.07641156021239 19.420620765629728 18.850993132881612 5.429167953976927 -72.07641156021239
5.654586710246311 -72.05365238585073 nan 18.16202972124782 5.654586710246311 -72.05365238585073
5.572845455147403 -72.06176518268732 nan nan 5.572845455147403 -72.06176518268732
