jwst_combined_catalog.ecsv
# %ECSV 1.0
# ---
# datatype:
# - {name: sky_centroid.ra, unit: deg, datatype: float64}
# - {name: sky_centroid.dec, unit: deg, datatype: float64}
# - {name: mag_f150w2, datatype: float64, format: .6f, description: Total aperture-corrected Vega magnitude based on the 70% encircled
#     energy circular aperture; should be used only for unresolved sources.}
# - {name: mag_f322w2, datatype: float64, format: .6f, description: Total aperture-corrected Vega magnitude based on the 70% encircled
#     energy circular aperture; should be used only for unresolved sources.}
# - {name: ra_jwst, datatype: float64}
# - {name: dec_jwst, datatype: float64}
# meta: !!omap
# - {date: '2025-09-19 08:56:04 UTC'}
# - version: {Python: 3.12.11, astropy: 7.1.0, gwcs: 0.25.1, jwst: 1.19.1, numpy: 2.2.6, photutils: 2.2.0, scipy: 1.16.0}
# - {localbkg_width: 0}
# - {apermask_method: correct}
# - kron_params: !!python/tuple [2.5, 1.4, 0.0]
# - aperture_params:
#     aperture_corrections: !numpy.ndarray
#       buffer: !!binary |
#         YXQ1VlFKQ2dBRURuKzdrLw==
#       dtype: float32
#       order: C
#       shape: !!python/tuple [3]
#     aperture_ee: !numpy.ndarray
#       buffer: !!binary |
#         SGdBQUFBQUFBQUF5QUFBQUFBQUFBRVlBQUFBQUFBQUE=
#       dtype: int64
#       order: C
#       shape: !!python/tuple [3]
#     aperture_radii: !numpy.ndarray
#       buffer: !!binary |
#         WkR0ZlA4UDF5RDlXRGwxQQ==
#       dtype: float32
#       order: C
#       shape: !!python/tuple [3]
#     bkg_aperture_inner_radius: 6.245
#     bkg_aperture_outer_radius: 9.474
# - {abvega_offset: 1.2345035}
# - __serialized_columns__:
#     sky_centroid:
#       __class__: astropy.coordinates.sky_coordinate.SkyCoord
#       __info__: {description: ICRS Sky coordinate of the source centroid}
#       dec: !astropy.table.SerializedColumn
#         __class__: astropy.coordinates.angles.core.Latitude
#         unit: &id001 !astropy.units.Unit {unit: deg}
#         value: !astropy.table.SerializedColumn {name: sky_centroid.dec}
#       frame: icrs
#       ra: !astropy.table.SerializedColumn
#         __class__: astropy.coordinates.angles.core.Longitude
#         unit: *id001
#         value: !astropy.table.SerializedColumn {name: sky_centroid.ra}
#         wrap_angle: !astropy.coordinates.Angle
#           unit: *id001
#           value: 360.0
#       representation_type: spherical
# schema: astropy-2.0
sky_centroid.ra sky_centroid.dec mag_f150w2 mag_f322w2 ra_jwst dec_jwst
[from data line 2866]
5.821724435188838 -72.05468778330753 21.01303716511616 20.4960235187784 5.821724435188838 -72.05468778330753
5.716325667223381 -72.0654141001343 19.83373655917208 19.34073144769406 5.716325667223381 -72.0654141001343
5.759215148970164 -72.0610085936961 19.909771738631378 19.268009393571468 5.759215148970164 -72.0610085936961
5.828101375984263 -72.05389369817217 nan 17.921822449614968 5.828101375984263 -72.05389369817217
5.812580321214449 -72.055518618277 nan 18.491003748648943 5.812580321214449 -72.055518618277
5.723497517208092 -72.06464080353093 20.576446786656962 20.07430587268156 5.723497517208092 -72.06464080353093
5.850129367741845 -72.05169766959973 20.081788716135385 19.623567671587164 5.850129367741845 -72.05169766959973
5.702828379984662 -72.06675338594077 20.61378785864299 20.041836877639838 5.702828379984662 -72.06675338594077
5.844963552143716 -72.05221694247155 21.527062830349696 21.033858207673056 5.844963552143716 -72.05221694247155
5.753467020304278 -72.06152180435798 19.206615411292653 18.7239514327501 5.753467020304278 -72.06152180435798
5.744374380826793 -72.06247275690417 19.78733908921157 19.32576096631425 5.744374380826793 -72.06247275690417
5.673058337119974 -72.06973199340354 20.081775829978227 19.629855944091872 5.673058337119974 -72.06973199340354
5.693760313796013 -72.06761688056234 20.431769445321557 19.921233033285915 5.693760313796013 -72.06761688056234
5.697150946129479 -72.06722925987322 19.7977903341192 19.342706903491695 5.697150946129479 -72.06722925987322
5.871157569515491 -72.04941278763681 20.836044770338237 20.345721069149924 5.871157569515491 -72.04941278763681
5.732052454723233 -72.06362317734641 nan 17.772698789143007 5.732052454723233 -72.06362317734641
5.8491494175447745 -72.051542233716 nan nan 5.8491494175447745 -72.051542233716
5.695235579553095 -72.06741923965352 20.668355174414586 20.21781967286488 5.695235579553095 -72.06741923965352
5.756900594290053 -72.06112712760428 21.03936989296049 20.557755083089678 5.756900594290053 -72.06112712760428
5.6768463611341025 -72.06919786760857 nan nan 5.6768463611341025 -72.06919786760857
5.671865359748271 -72.06973544831368 22.05317792246324 19.567398771193048 5.671865359748271 -72.06973544831368
5.6818757709405325 -72.06873630878064 20.18237960282795 19.722372401129057 5.6818757709405325 -72.06873630878064
5.8579843466860435 -72.05073939561764 21.00561635211775 20.506782238784716 5.8579843466860435 -72.05073939561764
5.745157112821167 -72.0622711893393 20.6436251182349 20.128826448083295 5.745157112821167 -72.0622711893393
5.701281620493057 -72.06673462227363 20.681839884321867 20.165341300312548 5.701281620493057 -72.06673462227363
5.730412120073018 -72.06370944111912 nan 18.02262470793677 5.730412120073018 -72.06370944111912
5.693993998160311 -72.06742602759513 19.39295083315519 18.919333173560975 5.693993998160311 -72.06742602759513
5.8092659135912825 -72.0556848676157 20.120899671329738 19.620685878438202 5.8092659135912825 -72.0556848676157
5.678681704176802 -72.068946529688 nan 18.234987919446667 5.678681704176802 -72.068946529688
5.819304916115874 -72.0546262513259 19.892326171520892 19.416040549026498 5.819304916115874 -72.0546262513259
5.803263478924961 -72.05627181415116 20.02822073070986 19.52431771633609 5.803263478924961 -72.05627181415116
5.805941530853224 -72.05597334109007 20.240644833296585 19.734289311828988 5.805941530853224 -72.05597334109007
5.737859767326154 -72.06232370251396 24.31749489307895 nan 5.737859767326154 -72.06232370251396
5.857347197740959 -72.05070615219246 20.626439099133975 20.165925332243706 5.857347197740959 -72.05070615219246
5.8184404146483075 -72.0546794097639 19.5746940957604 19.095130869562727 5.8184404146483075 -72.0546794097639
5.810342331162685 -72.05547317051642 nan 18.453687631018447 5.810342331162685 -72.05547317051642
5.81783280576544 -72.05473737893746 19.66532099885299 19.171967191182514 5.81783280576544 -72.05473737893746
5.698380118781575 -72.06688981762893 nan 18.089123522234175 5.698380118781575 -72.06688981762893
5.687226625800834 -72.06795149923565 24.270458347859638 20.549950455659193 5.687226625800834 -72.06795149923565
5.903475530876087 -72.04586831970839 19.42992042740746 18.97156798995877 5.903475530876087 -72.04586831970839
5.829659960286962 -72.05347917804085 20.083072717428898 19.576246255758523 5.829659960286962 -72.05347917804085
5.805331560442241 -72.05595080898422 nan 18.4361993720361 5.805331560442241 -72.05595080898422
5.7583443553985285 -72.06077991782843 19.80321517420184 19.320460808753133 5.7583443553985285 -72.06077991782843
5.741608451408237 -72.06246606748148 22.985558329586546 20.020830116510666 5.741608451408237 -72.06246606748148
5.69479720113906 -72.06724659992861 19.954966735237264 19.481968606570454 5.69479720113906 -72.06724659992861
5.742354243087417 -72.06240655159064 20.461024694629447 19.934857062260647 5.742354243087417 -72.06240655159064
5.748533588044594 -72.06175194261398 21.15011508785757 20.656886860241695 5.748533588044594 -72.06175194261398
5.672556730307843 -72.06946169337503 23.059093021072275 19.645873567954 5.672556730307843 -72.06946169337503
5.815363130650072 -72.05487609179268 19.375454536896306 18.82816791774792 5.815363130650072 -72.05487609179268
5.744740404071468 -72.06210257792746 19.909595896782047 19.46804217200325 5.744740404071468 -72.06210257792746
5.697070924277523 -72.06696611345087 20.64255121264629 20.089917710251143 5.697070924277523 -72.06696611345087
5.851558168795555 -72.05114908137116 19.854596377064297 19.427001987537103 5.851558168795555 -72.05114908137116
5.823099982237086 -72.05406237612549 19.661839317580643 19.191821992093253 5.823099982237086 -72.05406237612549
5.732589574282675 -72.06331617042919 19.30377878559176 18.831969532964 5.732589574282675 -72.06331617042919
5.727849734682556 -72.0638164369443 20.823313201870235 20.29228644056719 5.727849734682556 -72.0638164369443
5.676809842546158 -72.06898784047442 20.910236113446203 19.46485655946321 5.676809842546158 -72.06898784047442
5.68267839342662 -72.06833699773753 nan nan 5.68267839342662 -72.06833699773753
5.821825462094066 -72.05419177463423 20.22896617642013 19.71368812775865 5.821825462094066 -72.05419177463423
5.745562010194597 -72.06192956270513 nan 18.194049160246767 5.745562010194597 -72.06192956270513
5.733412984779539 -72.06318134324536 19.26073320017482 18.658923749435104 5.733412984779539 -72.06318134324536
5.723882270556288 -72.06411600035804 22.109525777833873 19.69267273622466 5.723882270556288 -72.06411600035804
5.873006552943899 -72.048911186379 21.39208669819326 20.78886927686522 5.873006552943899 -72.048911186379
5.804372136259699 -72.05593324519414 19.962194852592532 19.5049887027103 5.804372136259699 -72.05593324519414
5.872428371548638 -72.04896012757054 21.34456234174724 20.7837542960962 5.872428371548638 -72.04896012757054
5.690772965605991 -72.06747213123181 20.951196307863285 20.401017400162285 5.690772965605991 -72.06747213123181
5.8053284381142545 -72.05576339062725 20.784046865821736 20.223329001602025 5.8053284381142545 -72.05576339062725
5.800371672247991 -72.05620721660358 nan 17.92135046089664 5.800371672247991 -72.05620721660358
5.873812064080606 -72.04872496257593 21.238350456765765 20.755943038181737 5.873812064080606 -72.04872496257593
5.695644348765572 -72.06678557690809 nan nan 5.695644348765572 -72.06678557690809
5.755024853695239 -72.06086198202942 20.00742438058507 19.56790892171668 5.755024853695239 -72.06086198202942
5.813463429737117 -72.05483783681682 nan 18.344029606549476 5.813463429737117 -72.05483783681682
5.871392603013329 -72.04893165628405 21.134967848316382 20.631873852040435 5.871392603013329 -72.04893165628405
5.8438755784354335 -72.05174020330462 20.027799857519263 19.531577540214716 5.8438755784354335 -72.05174020330462
5.872087813341896 -72.0487863088848 19.445369071542594 18.972252633343565 5.872087813341896 -72.0487863088848
5.80165137182735 -72.05596903888657 nan 18.653754646200902 5.80165137182735 -72.05596903888657
5.753506434012053 -72.06094878090536 21.21039490307252 20.64251524393837 5.753506434012053 -72.06094878090536
5.808274646416154 -72.05531267056965 19.43371865281783 18.926975560101084 5.808274646416154 -72.05531267056965
5.735885852033976 -72.0627194706833 19.985139707581737 19.442999906261807 5.735885852033976 -72.0627194706833
5.7298456064406915 -72.06326760954161 nan nan 5.7298456064406915 -72.06326760954161
5.701365684036235 -72.0661956750007 nan 17.9639694297963 5.701365684036235 -72.0661956750007
5.826110376454948 -72.0534749894346 19.558059006051394 19.13663935728158 5.826110376454948 -72.0534749894346
5.724427882963827 -72.06380970823216 nan nan 5.724427882963827 -72.06380970823216
5.684524501333656 -72.06789125971859 nan 18.410586371610982 5.684524501333656 -72.06789125971859
5.742264330266669 -72.06202623809929 20.141831687789463 19.69437984176512 5.742264330266669 -72.06202623809929
5.818212764076727 -72.05419339507918 nan 18.08570911124449 5.818212764076727 -72.05419339507918
5.89852498523934 -72.04593594749889 19.577327412637445 19.136521370978272 5.89852498523934 -72.04593594749889
5.803376510632992 -72.05551991019662 22.353577629817636 21.32516799973806 5.803376510632992 -72.05551991019662
5.712313612753104 -72.06503098072392 21.00762242773345 20.499521555458582 5.712313612753104 -72.06503098072392
5.820363728618111 -72.05396552811989 19.662720452957508 18.75749283685649 5.820363728618111 -72.05396552811989
5.73353503599456 -72.06285486558387 20.116981757310008 19.709006095103597 5.73353503599456 -72.06285486558387
5.692400534740436 -72.06703069190657 20.89734294341391 20.36335306629403 5.692400534740436 -72.06703069190657
5.871199815294517 -72.04870729576193 20.791032938853252 20.26873412658813 5.871199815294517 -72.04870729576193
5.810439435253888 -72.05487876424331 nan 17.70174317067203 5.810439435253888 -72.05487876424331
5.728494089086564 -72.06331232265475 20.366130601611083 19.823745722983254 5.728494089086564 -72.06331232265475
5.8420081821672625 -72.05170145798226 20.479305262010634 19.991729439538986 5.8420081821672625 -72.05170145798226
5.825154454674486 -72.05336745776536 nan 18.609293921532462 5.825154454674486 -72.05336745776536
5.683019784433823 -72.06790301614717 19.21119696332681 18.538707983609726 5.683019784433823 -72.06790301614717
5.701912847376693 -72.06596343920918 18.663418863755098 18.185809651653045 5.701912847376693 -72.06596343920918
5.692835820776095 -72.06687355978737 nan 17.92030707338181 5.692835820776095 -72.06687355978737
5.809301878199353 -72.05500299006974 19.449985522214796 18.54814766433953 5.809301878199353 -72.05500299006974
5.857490352230753 -72.05003940869555 20.548903886053996 20.067782140905436 5.857490352230753 -72.05003940869555
5.6793081467798485 -72.06820388730048 19.181379971697574 18.551459965442508 5.6793081467798485 -72.06820388730048
5.739929426664469 -72.06204382074854 20.43708562121725 19.896043968149556 5.739929426664469 -72.06204382074854
5.84321620789449 -72.05148067863223 20.801092842558766 20.120802494788656 5.84321620789449 -72.05148067863223
5.730274537484785 -72.06299940933991 20.16973564386067 19.660446676726316 5.730274537484785 -72.06299940933991
5.707275540053562 -72.06533457925723 19.653153891358222 19.1701185270055 5.707275540053562 -72.06533457925723
5.815853477956081 -72.05423406189556 21.35292570890337 19.912549464767167 5.815853477956081 -72.05423406189556
5.678229024592874 -72.06827157841795 22.094637103019906 19.66684481051585 5.678229024592874 -72.06827157841795
5.833254928175069 -72.05243208002825 20.640469079205616 19.880795208988957 5.833254928175069 -72.05243208002825
5.809687865967281 -72.05485280493298 19.91673062833948 19.5181863211319 5.809687865967281 -72.05485280493298
5.851336121670581 -72.05054243933048 19.89857194825982 19.44228857155921 5.851336121670581 -72.05054243933048
5.683953654085333 -72.06764008272086 19.79430557532754 19.25561882305152 5.683953654085333 -72.06764008272086
5.677043883981304 -72.06833448696827 19.51110360177809 18.952487234694544 5.677043883981304 -72.06833448696827
5.842582006082203 -72.05130474667529 21.930817033486235 20.16286766135122 5.842582006082203 -72.05130474667529
5.745426005579708 -72.06125923452537 nan 17.915131987201846 5.745426005579708 -72.06125923452537
5.731023194878223 -72.06281067955749 19.823021670198873 19.384853617989684 5.731023194878223 -72.06281067955749
5.720778122538611 -72.06380939630075 nan 18.166727510595138 5.720778122538611 -72.06380939630075
5.698048972436266 -72.06616002093847 20.382074315971227 19.781317636341598 5.698048972436266 -72.06616002093847
5.850616899989307 -72.05054784710491 19.441359910258683 18.775930922610875 5.850616899989307 -72.05054784710491
5.695825440113612 -72.06634201821312 nan 17.885676798217503 5.695825440113612 -72.06634201821312
5.85015626650139 -72.05062388883192 21.02570490190007 20.478123175788355 5.85015626650139 -72.05062388883192
5.80468977964807 -72.05525608352245 19.446508018736107 18.941182730316395 5.80468977964807 -72.05525608352245
5.62908872607099 -72.0730987537734 21.05115290040224 21.125285467140316 5.62908872607099 -72.0730987537734
5.852159155510474 -72.05021537003465 19.815059385414088 nan 5.852159155510474 -72.05021537003465
5.755034978219015 -72.06028615880811 nan 18.01717314439955 5.755034978219015 -72.06028615880811
5.708385604489504 -72.06500143354826 nan nan 5.708385604489504 -72.06500143354826
5.818351021127416 -72.0538475932387 20.32257064521459 19.78669213883869 5.818351021127416 -72.0538475932387
5.81053389557121 -72.05465265746989 21.098111816657166 20.54606313778234 5.81053389557121 -72.05465265746989
5.800740103497537 -72.05533489980726 nan nan 5.800740103497537 -72.05533489980726
5.8237886698208365 -72.05323537865598 19.490916381995795 18.846691920545698 5.8237886698208365 -72.05323537865598
5.819326957884219 -72.05370356350865 20.331286105899082 19.827051956523718 5.819326957884219 -72.05370356350865
5.681974436123098 -72.06770322857018 19.232395377652985 18.748329246126126 5.681974436123098 -72.06770322857018
5.740214573620107 -72.06169147319156 23.920771773101848 20.897082590561645 5.740214573620107 -72.06169147319156
5.713865718479545 -72.06442886935957 20.59276433006749 20.12016868398375 5.713865718479545 -72.06442886935957
5.830374318171573 -72.05248890534226 19.494597899947316 18.960539323462882 5.830374318171573 -72.05248890534226
5.719178888345494 -72.06388567495166 21.388465443174276 20.881547581190638 5.719178888345494 -72.06388567495166
5.8408334683285 -72.0513824150258 23.22266097051441 20.26726288880922 5.8408334683285 -72.0513824150258
5.728823370361143 -72.06282040328267 nan nan 5.728823370361143 -72.06282040328267
5.702735061067575 -72.065531555892 19.893686219497376 19.35094182008995 5.702735061067575 -72.065531555892
5.735006514043184 -72.0622400370063 20.296811066081773 19.716074313068244 5.735006514043184 -72.0622400370063
5.678867245174834 -72.06792500872605 19.81391142449205 19.368190721602428 5.678867245174834 -72.06792500872605
5.712700440341995 -72.06439349087994 21.503307601373272 18.480550510188145 5.712700440341995 -72.06439349087994
5.680349965887616 -72.06772996982957 20.467972140961308 19.94772211752657 5.680349965887616 -72.06772996982957
5.736505680736744 -72.0619452825233 nan 18.19987257056902 5.736505680736744 -72.0619452825233
5.700582172471374 -72.06564110111611 20.17108963644447 19.690691611615016 5.700582172471374 -72.06564110111611
5.824118314315285 -72.05301575475616 20.17243914400574 19.656008754394488 5.824118314315285 -72.05301575475616
5.755168211469366 -72.05998864146132 19.385237114447726 18.7560746621608 5.755168211469366 -72.05998864146132
5.802609585519825 -72.05521781044726 21.227202813607835 20.667744478999147 5.802609585519825 -72.05521781044726
5.756564070581289 -72.05985455611905 nan 17.737432249761916 5.756564070581289 -72.05985455611905
5.693889978191665 -72.06627263468637 19.711819837828916 19.188446299609137 5.693889978191665 -72.06627263468637
