master_catalog_with_pms.ecsv
# %ECSV 1.0
# ---
# datatype:
# - {name: ra_jwst, datatype: float64}
# - {name: dec_jwst, datatype: float64}
# - {name: mag_f150w2, datatype: float64, format: .6f, description: Total aperture-corrected Vega magnitude based on the 70% encircled
#     energy circular aperture; should be used only for unresolved sources.}
# - {name: mag_f322w2, datatype: float64, format: .6f, description: Total aperture-corrected Vega magnitude based on the 70% encircled
#     energy circular aperture; should be used only for unresolved sources.}
# - {name: ra_hst, datatype: float64}
# - {name: dec_hst, datatype: float64}
# - {name: mag_f606w, datatype: float64}
# - {name: mag_f814w, datatype: float64}
# - {name: pm_ra_raw, datatype: float64}
# - {name: pm_dec_raw, datatype: float64}
# - {name: pm_ra_corr, datatype: float64}
# - {name: pm_dec_corr, datatype: float64}
# meta: !!omap
# - {date: '2025-09-19 08:56:04 UTC'}
# - version: {Python: 3.12.11, astropy: 7.1.0, gwcs: 0.25.1, jwst: 1.19.1, numpy: 2.2.6, photutils: 2.2.0, scipy: 1.16.0}
# - {localbkg_width: 0}
# - {apermask_method: correct}
# - kron_params: !!python/tuple [2.5, 1.4, 0.0]
# - aperture_params:
#     aperture_corrections: !numpy.ndarray
#       buffer: !!binary |
#         YXQ1VlFKQ2dBRURuKzdrLw==
#       dtype: float32
#       order: C
#       shape: !!python/tuple [3]
#     aperture_ee: !numpy.ndarray
#       buffer: !!binary |
#         SGdBQUFBQUFBQUF5QUFBQUFBQUFBRVlBQUFBQUFBQUE=
#       dtype: int64
#       order: C
#       shape: !!python/tuple [3]
#     aperture_radii: !numpy.ndarray
#       buffer: !!binary |
#         WkR0ZlA4UDF5RDlXRGwxQQ==
#       dtype: float32
#       order: C
#       shape: !!python/tuple [3]
#     bkg_aperture_inner_radius: 6.245
#     bkg_aperture_outer_radius: 9.474
# - {abvega_offset: 1.2345035}
# schema: astropy-2.0
ra_jwst dec_jwst mag_f150w2 mag_f322w2 ra_hst dec_hst mag_f606w mag_f814w pm_ra_raw pm_dec_raw pm_ra_corr pm_dec_corr
[from data line 1104]
5.68267839342662 -72.06833699773753 nan nan 5.6831656346891295 -72.06844291097615 23.945551378919543 24.012028951194882 -43.100312148050286 30.429806408432107 -44.4233970536761 29.92639927721132
5.733412984779539 -72.06318134324536 19.26073320017482 18.658923749435104 5.732929384958791 -72.06322463958344 25.379162531246646 23.25868221638371 42.79009312451225 12.439318781895423 41.467008218886434 11.935911650674637
5.690772965605991 -72.06747213123181 20.951196307863285 20.401017400162285 5.690603785538926 -72.06741866364894 23.25493671771413 21.047400197604478 14.966002248704017 -15.36181657909571 13.642917343078201 -15.865223710316496
5.755024853695239 -72.06086198202942 20.00742438058507 19.56790892171668 5.755560601164217 -72.06073433437068 20.10853424494757 18.532045112669458 -47.410172489791336 -36.67471778191169 -48.73325739541715 -37.17812491313248
5.753506434012053 -72.06094878090536 21.21039490307252 20.64251524393837 5.753516504780568 -72.06098033962637 23.11852365716329 22.20897651071115 -0.8911934516151656 9.067150416715368 -2.214278357240981 8.563743285494581
5.735885852033976 -72.0627194706833 19.985139707581737 19.442999906261807 5.735981695356692 -72.06250945954956 20.642630733714224 22.913882588888065 -8.480662447349058 -60.33840112248457 -9.803747352974874 -60.84180825370536
5.7298456064406915 -72.06326760954161 nan nan 5.729759049630765 -72.06302363176955 22.255815038377495 21.524309099246025 7.658722297107342 -70.09737017988225 6.335637391481527 -70.60077731110303
5.701365684036235 -72.0661956750007 nan 17.9639694297963 5.701230354158141 -72.06601717238435 19.26976934212419 17.891181321679476 11.972371937394419 -51.28568135515147 10.649287031768603 -51.78908848637226
5.724427882963827 -72.06380970823216 nan nan 5.72463063720453 -72.06381595323401 22.057139604869683 20.495534823148812 -17.939582536017255 1.7942241247217983 -19.26266744164307 1.2908169935010112
5.742264330266669 -72.06202623809929 20.141831687789463 19.69437984176512 5.743043116391341 -72.0620622682898 18.37344229085766 19.11792817793859 -68.91318984971625 10.351404843149437 -70.23627475534207 9.84799771192865
5.712313612753104 -72.06503098072392 21.00762242773345 20.499521555458582 5.7128719947994675 -72.0651393094237 24.710094850392274 21.22715643435265 -49.40207975108295 31.12373898254858 -50.72516465670876 30.620331851327794
5.73353503599456 -72.06285486558387 20.116981757310008 19.709006095103597 5.733240950010573 -72.06276722585442 26.900112976593288 23.426577557628953 26.021904097149392 -25.1798740744032 24.698819191523576 -25.683281205623988
5.728494089086564 -72.06331232265475 20.366130601611083 19.823745722983254 5.728102695106786 -72.06351056473392 23.49407100213638 21.63085489313876 34.63125057011468 56.95690940955873 33.30816566448887 56.45350227833794
5.701912847376693 -72.06596343920918 18.663418863755098 18.185809651653045 5.702180951836578 -72.06590134024702 23.151826302210296 21.37542153301144 -23.718978817582048 -17.841733865681242 -25.042063723207864 -18.34514099690203
5.739929426664469 -72.06204382074854 20.43708562121725 19.896043968149556 5.73980590529834 -72.06202129740309 23.21242959560349 19.377905812042478 10.930142456883367 -6.471203835869169 9.607057551257551 -6.974610967089956
5.730274537484785 -72.06299940933991 20.16973564386067 19.660446676726316 5.729759049630765 -72.06302363176955 22.255815038377495 21.524309099246025 45.61207160825771 6.9591620684306905 44.288986702631895 6.455754937209903
5.707275540053562 -72.06533457925723 19.653153891358222 19.1701185270055 5.70681701312269 -72.06533576774319 20.826564411972964 19.72683932719721 40.56687228773047 0.3413100046037274 39.24378738210466 -0.16209712661705966
5.678229024592874 -72.06827157841795 22.094637103019906 19.66684481051585 5.678315140575549 -72.0684190456709 22.27753314510263 22.345095801493326 -7.617661143261359 42.36887808007423 -8.940746048887174 41.86547094885344
5.677043883981304 -72.06833448696827 19.51110360177809 18.952487234694544 5.677273860401437 -72.06853765337966 24.42299877949054 18.41719426905247 -20.3432213179302 58.37179523540392 -21.666306223556017 57.86838810418313
5.745426005579708 -72.06125923452537 nan 17.915131987201846 5.745353995545099 -72.06108613649954 26.111549714339887 25.22587940035154 6.372284042683212 -49.732876352203135 5.049199137057397 -50.236283483423925
5.698048972436266 -72.06616002093847 20.382074315971227 19.781317636341598 5.69801137116837 -72.06640104005135 25.652849786358594 20.73466924267987 3.32651766546817 69.2473099254068 2.0034327598423545 68.74390279418601
5.695825440113612 -72.06634201821312 nan 17.885676798217503 5.69518912071875 -72.0664329446759 nan nan 56.29349889782407 26.123825974421276 54.97041399219826 25.62041884320049
5.740214573620107 -72.06169147319156 23.920771773101848 20.897082590561645 5.739885600848663 -72.06160455273357 18.66839162155769 20.98441997526321 29.110652474434566 -24.973235831327735 27.78756756880875 -25.47664296254852
5.713865718479545 -72.06442886935957 20.59276433006749 20.12016868398375 5.7141257530108085 -72.0645495526795 23.284150604594082 21.942487238618085 -23.00694269364958 34.67352987690096 -24.330027599275397 34.17012274568017
5.719178888345494 -72.06388567495166 21.388465443174276 20.881547581190638 5.7196048852877475 -72.06399103409788 22.16229457357192 20.266567197355275 -37.69181831759338 30.27065091759454 -39.01490322321919 29.767243786373754
5.712700440341995 -72.06439349087994 21.503307601373272 18.480550510188145 5.7122770801469445 -72.06420470293781 20.772492827812695 17.763973356934045 37.457495673989996 -54.24088119413278 36.134410768364184 -54.74428832535357
5.680349965887616 -72.06772996982957 20.467972140961308 19.94772211752657 5.680693259295217 -72.06789618160772 17.98287301981995 21.51452279765739 -30.367989307338945 47.75429503221264 -31.69107421296476 47.25088790099185
5.736505680736744 -72.0619452825233 nan 18.19987257056902 5.737309854565273 -72.0619266869048 21.808913381178506 22.88312589018072 -71.1600063897157 -5.343190714329624 -72.48309129534152 -5.846597845550411
5.700582172471374 -72.06564110111611 20.17108963644447 19.690691611615016 5.7001272123722035 -72.06559383183362 23.132749142198797 22.460214199946687 40.25064162902815 -13.581111099221426 38.92755672340234 -14.084518230442212
5.755168211469366 -72.05998864146132 19.385237114447726 18.7560746621608 5.755663952932171 -72.05987183893572 22.059702467865748 21.164717281279472 -43.87196618504765 -33.55876733229613 -45.19505109067346 -34.06217446351692
5.693889978191665 -72.06627263468637 19.711819837828916 19.188446299609137 5.693740867855349 -72.06630447218589 24.746736895217133 nan 13.191447610671158 9.147230142149704 11.868362705045342 8.643823010928918
5.734423692755481 -72.0621096521882 nan 18.155164883120904 5.733962123007186 -72.06208207474906 23.976002033701093 20.800445477064585 40.84317842834534 -7.923443100666057 39.52009352271953 -8.426850231886844
5.682416395462083 -72.06735559174803 19.097080490530892 18.579025091007395 5.683078408034185 -72.06746655840138 19.043194085017287 17.053992151897937 -58.56330527281769 31.881557758070272 -59.886390178443506 31.378150626849486
5.7204515769425 -72.06349648944007 19.962241909418616 19.431831913862396 5.720886112147205 -72.06332038800679 18.3749589348813 18.357210313504375 -38.44808275467014 -50.595921614961945 -39.77116766029595 -51.099328746182735
5.696117684340209 -72.06594199566247 19.022479852209887 18.457586058767788 5.696506391926603 -72.06595781030867 23.92472268616886 21.067147789896033 -34.3886769794374 4.543602213217575 -35.71176188506321 4.040195081996788
5.683221362388931 -72.06723248281659 19.176779391574566 18.583246182476586 5.683078408034185 -72.06746655840138 19.043194085017287 17.053992151897937 12.646187481849497 67.25234773731587 11.32310257622368 66.74894060609509
5.73755491676385 -72.06157174414841 20.86129846640938 20.37319170039543 5.737415435331361 -72.06171007725857 17.44920313382645 15.761921839459074 12.342728851929541 39.74453451280245 11.019643946303725 39.24112738158166
5.699777056313305 -72.06539556053067 20.644571129327055 20.119738419342582 5.700272197446652 -72.06537392618796 23.08371542198851 20.608960528562104 -43.80606615125113 -6.215952930559267 -45.12915105687694 -6.719360061780054
5.677099475195072 -72.06764553635186 nan 17.94084192468788 5.677370482159093 -72.06755938502423 22.825194895038134 26.085322590751282 -23.973586086859722 -24.75223107981824 -25.296670992485538 -25.255638211039027
5.678952367251395 -72.06749596677244 20.842667300232222 20.322624951452106 5.6784101809004115 -72.06750500921193 21.50071288145582 20.61089433128378 47.9628118002215 2.597771492858357 46.63972689459569 2.0943643616375702
5.6990105215686935 -72.06542208725014 19.183859456582425 18.708875497349467 5.698992914045507 -72.0655027660376 22.711094690532285 16.245384087665304 1.5577684224307022 23.179858896714375 0.23468351680488708 22.67645176549359
5.691685392718834 -72.06607517501449 nan 18.464611317262914 5.691254105671307 -72.06599543525465 nan nan 38.15537685765736 -22.91020330595755 36.83229195203155 -23.413610437178335
5.697672705410441 -72.06549049429623 19.138919475188267 18.611761084539747 5.698072819219033 -72.06551791089188 26.39939770796907 22.271438952595133 -35.39863901689578 7.876956975161415 -36.72172392252159 7.373549843940627
5.744384874532143 -72.0606789898817 nan 18.240300005027855 5.744319319875116 -72.06075668990474 24.696168462857266 22.71848114787718 5.801218742333441 22.324025807870544 4.478133836707626 21.820618676649758
5.725768124143287 -72.06258752524222 19.66722029988437 19.165965592644476 5.725172493051986 -72.06242390981963 22.73379709505637 17.35615830258957 52.704580940426354 -47.00868212969951 51.38149603480054 -47.5120892609203
5.721851975932936 -72.06282740328936 nan nan 5.7221719848012675 -72.06272866658047 25.14288124236724 24.78626555296691 -28.315706506885775 -28.368163980300498 -29.63879141251159 -28.871571111521284
5.7411032190684645 -72.06084821323695 nan nan 5.740721476140558 -72.06075137278117 21.73587811906059 22.977768427503626 33.78179560990612 -27.823382472779983 32.45871070428031 -28.32678960400077
5.745152286956094 -72.06043398167611 nan nan 5.744652185960273 -72.06032972528173 25.011243634284575 22.177848996799 44.25671220945858 -29.95413585376184 42.933627303832765 -30.457542984982627
5.753391806107445 -72.05961048444114 20.428997021148028 19.921408980183834 5.7531824769503075 -72.05981813628743 18.79658105361868 17.056011079219033 18.52552107876897 59.66051422396706 17.202436173143155 59.15710709274627
5.582593406764518 -72.07694413773427 22.60902785053014 20.11860946147577 5.581994749170524 -72.07685382298365 nan nan 52.93137684010381 -25.948635194307467 51.608291934478 -26.452042325528254
5.675865619295722 -72.06743911591857 nan 18.062980845654856 5.67525573847438 -72.06751862221753 25.177410097588204 22.124932259431027 53.951355818775816 22.842717729049223 52.628270913150004 22.339310597828437
5.712170473349314 -72.06377884022956 20.487388452456308 19.975384169827585 5.71240445685034 -72.06386218339442 17.970748570484496 20.84226524677501 -20.70276459725164 23.945322391024362 -22.025849502877456 23.441915259803576
5.712818935705609 -72.06370582364282 20.3798037411705 19.89856117993568 5.71240445685034 -72.06386218339442 17.970748570484496 20.84226524677501 36.673064195868115 44.92366516259986 35.3499792902423 44.42025803137907
5.7481554581430245 -72.06009060565476 19.74838166125582 19.292480627183004 5.74859087279737 -72.06011350826272 24.522232780763026 22.670693448097023 -38.53297217236205 6.580019414627276 -39.85605707798786 6.076612283406488
5.678175739160141 -72.0671975724391 19.084968185530848 18.527806452357925 5.678089711263406 -72.06716673210958 23.339673767226135 21.97866693857283 7.610310025226879 -8.860754536171273 6.2872251196010644 -9.36416166739206
5.7304761706850496 -72.06186607811753 19.21399507813781 18.72397958275431 5.730110504659519 -72.06193146021592 25.761724144373684 23.16936183212383 32.35731741421792 18.78486219383411 31.0342325085921 18.281455062613322
5.683914475117038 -72.06661432173568 20.911220776632405 20.382598451340666 5.6835170432616335 -72.06672658558193 23.05847201264702 22.655669238480105 35.15923191101027 32.25446071826993 33.836147005384454 31.751053587049146
5.739267586433467 -72.06097281366385 20.63664841116414 20.019579043113445 5.738806587587876 -72.06110394435407 21.22768140423902 19.60296074215699 40.795160903101156 37.675062117175415 39.47207599747534 37.171654985954625
5.738369214945392 -72.06105677022083 20.30707217050685 19.74927836392869 5.738806587587876 -72.06110394435407 21.22768140423902 19.60296074215699 -38.70423263185587 13.553481136487571 -40.02731753748168 13.050074005266785
5.693355232753271 -72.06555045563115 19.9433994157437 18.900019977924867 5.693907459469801 -72.06539626223024 22.902279139015295 nan -48.85612685314294 -44.30160016142893 -50.17921175876875 -44.80500729264972
5.711350934833149 -72.06373795713863 20.681296834579378 20.20318586842972 5.711374544883882 -72.06375755932673 23.09821398854939 18.845358261098095 -2.08901225570621 5.6319131688166415 -3.4120971613320252 5.128506037595854
5.710391752806726 -72.06380846802696 19.95831717817481 19.485442210305827 5.710739427749049 -72.06366032993236 20.63142027314663 19.43628389593347 -30.762087737770354 -42.56171214846017 -32.08517264339617 -43.06511927968096
5.732396300316062 -72.06151043554691 nan 18.120287664678933 5.732944111430812 -72.06140474078005 22.89832123238685 21.97913317005783 -48.47603210697153 -30.367432025135024 -49.79911701259734 -30.87083915635581
5.720242592415106 -72.06280159968934 20.777704981878678 20.258582040519062 5.720577955854115 -72.06274937088438 25.646540807379786 25.52478652684791 -29.674383639315018 -15.0059643355634 -30.997468544940833 -15.509371466784186
5.674802601675099 -72.06739080426695 20.785554162353417 20.216366648215796 5.674915353153156 -72.0674503713972 nan 22.18756199770225 -9.9742617663537 17.114249949708874 -11.297346671979517 16.610842818488088
5.684945657275428 -72.06633715204771 20.761695078728394 20.232998401691425 5.6849178091824655 -72.0664971075287 18.269670198850065 17.739712777029858 2.463647995888496 45.95688144004006 1.1405630902626809 45.45347430881927
5.642969606418789 -72.0705598730292 21.50754738150753 20.58754800630963 5.642608908405649 -72.07038255095124 22.721583563444707 18.947524345849573 31.902743703220963 -50.94658242809487 30.579658797595147 -51.44998955931566
5.699052025835778 -72.06484805586946 19.464290466997298 18.98768641356569 5.698861604376018 -72.06494716891464 25.254844424860302 20.954140035349766 16.847441631659567 28.47618746234907 15.524356726033751 27.972780331128284
5.708363967916721 -72.06389556324346 20.403609546309056 19.814059205709043 5.707827049387595 -72.06378137484401 20.60668967495093 18.517272676261832 47.50603315264564 -32.80773276215246 46.18294824701983 -33.31113989337325
5.71049712900093 -72.063641782176 21.022276172001234 20.21491620737269 5.710739427749049 -72.06366032993236 20.63142027314663 19.43628389593347 -21.438652696688074 5.328921188191371 -22.76173760231389 4.825514056970584
5.746836770012621 -72.05994369314928 20.20941729672864 19.82345603724729 5.746183482561448 -72.0598747477756 21.51345967210345 17.60770188353806 57.814559739054744 -19.809040254054285 56.49147483342893 -20.31244738527507
5.7382796702350545 -72.06077154306864 19.695122051213993 19.23057126611587 5.738064850079879 -72.06077358691049 24.429181115260842 23.794575071547364 19.010281632242286 0.5871832272474036 17.68719672661647 0.08377609602661651
5.6768617197863245 -72.06700194960891 18.906385687604548 18.355681079797613 5.677080476088247 -72.0670528076305 19.982267699483806 22.50955231798044 -19.35210442913152 14.612006172619221 -20.675189334757334 14.108599041398435
