master_catalog_combined.ecsv
# %ECSV 1.0
# ---
# datatype:
# - {name: ra_jwst, datatype: float64}
# - {name: dec_jwst, datatype: float64}
# - {name: mag_f150w2, datatype: float64, format: .6f, description: Total aperture-corrected Vega magnitude based on the 70% encircled
#     energy circular aperture; should be used only for unresolved sources.}
# - {name: mag_f322w2, datatype: float64, format: .6f, description: Total aperture-corrected Vega magnitude based on the 70% encircled
#     energy circular aperture; should be used only for unresolved sources.}
# - {name: ra_hst, datatype: float64}
# - {name: dec_hst, datatype: float64}
# - {name: mag_f606w, datatype: float64}
# - {name: mag_f814w, datatype: float64}
# meta: !!omap
# - {date: '2025-09-19 08:56:04 UTC'}
# - version: {Python: 3.12.11, astropy: 7.1.0, gwcs: 0.25.1, jwst: 1.19.1, numpy: 2.2.6, photutils: 2.2.0, scipy: 1.16.0}
# - {localbkg_width: 0}
# - {apermask_method: correct}
# - kron_params: !!python/tuple [2.5, 1.4, 0.0]
# - aperture_params:
#     aperture_corrections: !numpy.ndarray
#       buffer: !!binary |
#         YXQ1VlFKQ2dBRURuKzdrLw==
#       dtype: float32
#       order: C
#       shape: !!python/tuple [3]
#     aperture_ee: !numpy.ndarray
#       buffer: !!binary |
#         SGdBQUFBQUFBQUF5QUFBQUFBQUFBRVlBQUFBQUFBQUE=
#       dtype: int64
#       order: C
#       shape: !!python/tuple [3]
#     aperture_radii: !numpy.ndarray
#       buffer: !!binary |
#         WkR0ZlA4UDF5RDlXRGwxQQ==
#       dtype: float32
#       order: C
#       shape: !!python/tuple [3]
#     bkg_aperture_inner_radius: 6.245
#     bkg_aperture_outer_radius: 9.474
# - {abvega_offset: 1.2345035}
# schema: astropy-2.0
ra_jwst dec_jwst mag_f150w2 mag_f322w2 ra_hst dec_hst mag_f606w mag_f814w
[from data line 903]
5.697443594195514 -72.07139183872545 nan 18.127189235222808 5.697160423757745 -72.07154604413766 25.176996389195555 23.344108427816444
5.701099646939271 -72.07095208201493 nan 17.936262325675592 5.700500997030682 -72.07107013951351 26.365512658581032 25.21393977829291
5.755373717827213 -72.06549810726058 20.683875661643288 20.15291717115197 5.755891344334829 -72.0654226555944 23.177678208962966 17.723028826672945
5.722288858626443 -72.06878919239001 19.614298573178033 19.097825196669127 5.72200546626673 -72.06868114104307 20.26983842731071 21.012579157041223
5.732338866902683 -72.06775661746553 19.86646933405018 19.398962664324074 5.731839444447216 -72.06756849198271 22.83321266186202 17.23401596040613
5.741328058637206 -72.06678628583842 20.16117157306027 19.675225818876356 5.740798857967055 -72.06681943050013 23.901484654091984 21.44606368648345
5.7514549741954255 -72.06574981058594 20.93690447857011 20.437970399527675 5.751642969061263 -72.0657570100623 24.209836700916256 18.105847640216474
5.738110906519141 -72.06709952294229 19.911703232967398 19.400761921149297 5.738473574696491 -72.06709315753497 21.798398260875473 20.380979186274075
5.726159960594842 -72.06825920264747 nan 18.458179725533192 5.725683288800628 -72.06826022764719 26.998601497382786 23.36355688320414
5.707480156061762 -72.07017967071674 20.56290692968153 19.985208135224084 5.706953533051853 -72.07018614119157 18.31676222980895 22.1880496223672
5.719229459011282 -72.06894536076351 19.911930325836067 19.46562593357649 5.719494062102724 -72.06875530654008 21.96560003665564 23.836108484807262
5.704028615834394 -72.07047332014093 19.154015767801823 18.58908210928912 5.7038277085149165 -72.07040449249492 23.75464071889971 20.301631411951803
5.678699361752166 -72.07305756697922 20.18089662098314 19.670671400228983 5.67861638888591 -72.07318066857542 21.45870435853482 17.876360470469084
5.732860533561877 -72.06747325051867 19.148221143752316 18.538182846935328 5.733212750506672 -72.06750136727024 19.68090069170184 22.334095779749074
5.713202501544502 -72.06951244134709 20.78711251318734 20.182651746041145 5.713192662262789 -72.06938739082482 19.220008977314844 23.511228471379226
5.752362067685743 -72.06542521057368 nan nan 5.752354791737498 -72.06532787920717 21.247631628654275 20.358841002672918
5.729741278745628 -72.06780134658878 19.629964405490384 19.14630829010015 5.729492974687334 -72.06786217996773 23.119169276531657 19.843057180563555
5.758385784061218 -72.06478463461642 nan nan 5.757584817881083 -72.06481644348406 22.857623547788435 17.95996624584037
5.737601272461637 -72.06696529832158 19.454794861692065 19.010115095919232 5.737208700942822 -72.06708243531526 23.74015813175097 23.72332049354425
5.71378747377772 -72.06934854662067 nan nan 5.713192662262789 -72.06938739082482 19.220008977314844 23.511228471379226
5.700019583675123 -72.0707911641115 19.832155920924258 19.278376358506605 5.700112407756358 -72.07082414905345 24.869985931115938 21.53494233518213
5.746017226401905 -72.06605812213957 19.91699640181193 19.390927757088804 5.745490670153662 -72.06623241783055 22.807026607549858 21.413713931982333
5.741373981275488 -72.06651670151415 20.6353200938201 20.124610584642703 5.741327844917307 -72.0665145690095 25.37615149371872 24.78869986830905
5.723625700218897 -72.06829639882739 20.731230857204046 20.222676741849508 5.723928574349631 -72.06841401430981 26.60238781467812 21.54265834719602
5.733471088023049 -72.06727447790597 19.721523723449828 19.195079954272387 5.734086710265907 -72.06726781000785 24.86165461407536 23.933372873443027
5.71537551685131 -72.06904836584263 19.508552886561027 18.996108973548623 5.71492524888882 -72.06885249068928 24.149136855285143 22.66691369295806
5.678746905781566 -72.0727156815496 nan nan 5.67848845297426 -72.07287725166601 24.95679374776711 19.58776940335231
5.7322886533224295 -72.06715058628033 24.07490782540028 22.022701638853476 5.732779904798691 -72.06701877808838 26.506092713456617 23.51497410315797
5.738404736857246 -72.06667906664332 19.896805087370566 19.407857993029957 5.738227814172712 -72.0666154286464 25.74303924885818 19.802473621380475
5.730733276600812 -72.06745615898008 20.487778117072352 19.952476970326003 5.731388840015463 -72.06740143838572 23.057913396487066 19.800424624940042
5.690179539844058 -72.07153053933665 nan 18.19922125098624 5.690549964934085 -72.07164597852721 23.16168508114025 23.93540671285775
5.760283065868283 -72.06442218885482 20.309142037715297 19.776805574311517 5.7603172703282 -72.06447862563728 21.715814690812913 20.039970395271922
5.718501841905033 -72.06865676340915 20.53061157437474 20.025511986919966 5.718903233052772 -72.06862706618242 25.078312296921 22.71534158507083
5.741180208514103 -72.06630749755341 20.601645650281057 20.036809843193076 5.741248921494192 -72.06615262303757 25.61417306222691 24.63114800505419
5.735894173732871 -72.06677425994052 nan 17.79308200928361 5.73572669622085 -72.06693407466145 23.38571513739753 22.116374449672385
5.744537436470063 -72.06586782803193 nan 18.02334235608036 5.7445224812252444 -72.06601165191096 22.628928915498626 19.255500877469434
5.747945331901246 -72.06547254388965 18.58832619638163 17.968139790757895 5.747608079852633 -72.06540255493871 17.708374966076907 20.40149945264901
5.717381029598854 -72.06864539503212 20.13911334976391 19.59947794777081 5.717494214533547 -72.06873691292981 21.056946209383046 19.73534445614098
5.711103604004228 -72.06925315044873 20.241789387196953 19.7426789880705 5.710737957998347 -72.06934388011412 22.091532304128418 21.058698404212336
5.719233768689376 -72.06840928917704 20.866719507467863 20.301889168443843 5.718903233052772 -72.06862706618242 25.078312296921 22.71534158507083
5.737569474171293 -72.06650581573601 19.795044986739093 19.359443739951814 5.737163159486961 -72.06662734157328 24.214101172905675 22.4128705617798
5.678135465698776 -72.07254329624159 20.331554818978315 19.842093630561415 5.677764041780348 -72.07271911025114 19.72491878863493 25.402510342727076
5.662302005590987 -72.07413772365193 23.199388311989175 20.709957127401836 5.662353676164918 -72.07417738182674 23.177797304963356 19.5459845480625
5.736733044011959 -72.06652993308501 19.490380190939728 19.03060738628774 5.736967793599002 -72.06661832183688 25.868835347212194 19.23005213991618
5.729387022907727 -72.06726700780325 19.581334012955434 19.083723203591077 5.72976608530745 -72.06717777555502 18.120358774626936 18.079425377518604
5.7393074255264676 -72.06623862508648 19.43304670866531 18.96610537884569 5.73964922245858 -72.06613068965302 22.953583530873487 19.42990874358271
5.714163655156944 -72.06869050841763 nan nan 5.714369860049493 -72.06879094991056 25.227067632824667 24.076673261612733
5.681499987977123 -72.07205777057045 nan nan 5.6814548713573165 -72.0721670666902 25.21376443574623 25.533352106630765
5.716776806348604 -72.06851398573541 20.84340035256452 20.34221279311679 5.716969709405908 -72.06836905638043 23.442919543779702 23.174959013763065
5.752436828723429 -72.06483113268787 19.598180916559848 19.08895028442842 5.752265020192888 -72.06461076184563 21.13520375460121 22.19939671710966
5.7328752670905905 -72.06680915940895 19.783645795596748 18.92548217638293 5.732779904798691 -72.06701877808838 26.506092713456617 23.51497410315797
5.734501092313856 -72.06666123057663 19.615508152252765 19.12241989484493 5.734861761410611 -72.0666186399344 26.14000291019466 25.371906465272417
5.718892590181174 -72.06822300399823 19.79345814172785 19.256520757941438 5.718213454646345 -72.06834519929347 24.960848184898015 18.581352245985755
5.682073280721197 -72.07191741503925 20.63108312426656 20.12728949934513 5.681965185282988 -72.07214769481762 23.998277795129326 23.858105980137196
5.731176097146579 -72.06688808109325 19.743484098586784 19.258523455678436 5.7318388349512555 -72.06682654352426 19.467050704735605 18.889397273058968
5.756862952434729 -72.06418352705373 nan nan 5.756698410791049 -72.06434874129963 22.553060682462114 19.314325635238767
5.748560294103661 -72.06509008839517 20.329850844754972 19.884244455421168 5.747907366390064 -72.06518073820945 22.551758403474825 22.41072514213839
5.677680751529299 -72.07230230440324 20.81729768994041 20.21417270171736 5.676973591103118 -72.07230716048274 22.218951253199755 21.022055355582303
5.7434386436504505 -72.06542177916927 nan nan 5.74311767078079 -72.06537220661225 18.11727333131685 17.67299633706457
5.746691235206103 -72.06518696578513 nan 18.140427436571123 5.74735278515109 -72.06522294342594 17.783328375208505 21.510483336097522
5.727066912982953 -72.06719384324612 19.639030435117114 19.123178403192426 5.727678052893824 -72.06727085699984 19.121244290755072 20.403420663703088
5.755311270666466 -72.06430121681056 20.886625590262007 20.352315421943068 5.7553830147902625 -72.06410840718573 20.329748275339092 23.387080409449066
5.733703549797049 -72.06643509142982 21.36921985508947 18.55163516141625 5.733746015860478 -72.0666355311268 23.218687192923998 17.827098922091885
5.751007356780446 -72.06470024570507 20.775730402756075 20.451916950274793 5.750855864204751 -72.06480754613484 23.575497067247476 21.543482392268373
5.749971421336382 -72.06478567942952 21.13834879417034 20.580220395745883 5.749236437873736 -72.0647272787196 24.152222928688158 20.651919869576012
5.7163110623333 -72.06820150204534 19.752655590008022 19.23898642097376 5.716552481967297 -72.068245419114 24.08247177261442 24.11359819722314
5.689368106015373 -72.07090873008363 20.639663282289696 20.070468364043975 5.6889612713893944 -72.07079665835539 20.30522698684982 16.377498206698565
5.738450266255964 -72.06584063180387 20.669831041352687 20.123224422052722 5.738741168583533 -72.06585663201797 22.001636115126054 21.053084743069103
5.726786114024939 -72.06696125944991 19.942626967617155 19.488207923099097 5.72648724243904 -72.06683018580829 24.336823826118795 24.279504568940254
5.713423791927881 -72.06822111086247 nan 17.986045930110926 5.713860314465191 -72.06815674947839 24.23182928419378 19.554336571197375
5.738964337587911 -72.06567447707287 21.38199050933784 20.111642007404456 5.738741168583533 -72.06585663201797 22.001636115126054 21.053084743069103
5.728000989079626 -72.06670083223595 nan 18.34513466075832 5.7278618702062305 -72.06680287010859 23.346657704728955 22.020841122503533
5.704540708218422 -72.06910690772712 20.21331128795216 19.531477489130566 5.70473662399863 -72.06912616561993 17.318635342294716 16.451339272891268
5.744658956542689 -72.0649349366865 19.982233734420312 19.22282839654642 5.744915447187458 -72.06485627388669 22.064754799047268 18.13898171455126
5.718297469564661 -72.06767920396751 19.786581693722724 19.3080317947676 5.718458186399242 -72.0678656304353 23.500659409427552 22.29740470337608
5.710443771048254 -72.06849179853008 20.637978737427822 20.120162125074238 5.710645818020935 -72.06872069638561 18.69465123601009 22.725012222230866
5.741512897512109 -72.06512952594989 nan 19.447851807530608 5.741699045374781 -72.06521665637696 22.891809235455785 17.990845726984613
5.737031742123699 -72.06573286553355 20.640166980453692 20.30466305792673 5.736537852300764 -72.06557043362214 23.025577832278287 18.313205665066874
5.67627768188112 -72.07181933754909 nan 18.316918625625945 5.6761821890612785 -72.07190362537482 23.193943194179994 18.149052094302814
5.70522241295302 -72.06882982102884 21.784184577682733 19.225112983101987 5.70514807657859 -72.06895237457549 17.185009545506887 13.03667865245553
5.728647374202789 -72.06646605540374 20.04705552875742 19.615747607732374 5.728514176202477 -72.06633100469593 25.055841844715818 20.54840617650961
5.739502560388931 -72.06534554146802 20.38768256102604 19.437586352035765 5.740201113501639 -72.06531249896027 23.053423512743763 19.547401994684154
5.732486085668339 -72.06606270700902 20.549013247624316 19.99674598170013 5.732176335317599 -72.06602790377445 24.98704121051958 nan
5.745129375412397 -72.06475845521834 21.28024584097038 20.742666022418593 5.744915447187458 -72.06485627388669 22.064754799047268 18.13898171455126
5.654927366668318 -72.07390360990486 23.2222379912229 22.476873852658805 5.654810772369329 -72.07397693375799 22.944925289160462 21.80569531261235
5.729758902070938 -72.06627954052628 20.091849489049245 19.690042045457375 5.72970397956774 -72.066124835003 22.791356756061322 21.590722314540486
5.743173100772295 -72.0647831748423 nan 18.058556730745075 5.743476613421144 -72.06471241382215 22.49786489848927 18.0961529616389
5.715403411973383 -72.06764457139609 20.0310582547531 19.499595371039476 5.715194294844855 -72.0675526895294 19.382074246615844 18.994559621313872
5.677371807542506 -72.0715103987575 20.2582934518871 19.753657103032545 5.678005637211158 -72.07141556097 21.749598432080052 21.248747635250425
5.750425895846752 -72.06401011953552 nan 18.41682459405521 5.75081178832066 -72.06403953952834 20.813891355274475 17.94407404950858
5.681778534218174 -72.07101525519089 19.816266672443724 19.33489264847134 5.681920204958783 -72.07081612856297 21.664235959187515 20.896330411576397
5.734371327656741 -72.06564147271997 20.265855976545573 19.787144841857334 5.734258701639812 -72.06564501926673 24.569850400276426 18.768259772142777
5.709787449886077 -72.06815294681435 nan 20.065964512661665 5.709425028958279 -72.06811395738823 24.984196403415872 21.608739547060573
5.728634661911619 -72.0661829244498 nan 17.960181783612782 5.728514176202477 -72.06633100469593 25.055841844715818 20.54840617650961
5.711069044303889 -72.06796426894768 nan 17.805546912649305 5.710337483860352 -72.06806295178501 25.06245496867867 24.326967404666952
5.676892890425204 -72.07145322901245 20.602438752611036 20.113167609087803 5.676853364188412 -72.07168808773483 22.55575114552396 21.535122083228458
5.683770560041663 -72.0707181429627 19.44821616819854 18.975447600773656 5.684202784488694 -72.07090797791098 22.550809402314464 17.361383684905796
5.745374908063275 -72.06438912137945 nan 18.24870919888933 5.745817112072355 -72.0642599750394 18.942393802170287 21.177491498784665
5.718898215788405 -72.06709659893593 19.571597569723984 19.020590060996483 5.7186131343069935 -72.06691447340698 26.068367702892726 25.701960747104113
5.741618543425515 -72.0646801904673 nan nan 5.741643716444603 -72.06445435227778 23.86980806259745 22.655805294273456
5.747691741593464 -72.06411616029888 20.556315658492124 20.055244704914795 5.747689387257152 -72.0641302993228 22.528403747300587 24.039135526832602
5.686212450720443 -72.07033767000368 20.749374379957185 20.24130368185756 5.686862704000336 -72.07031679036845 23.477553602945964 22.0092968452796
5.760453741171728 -72.06275937503857 20.475257971749624 19.98291171798933 5.760805442297284 -72.06273695625697 26.699654575241027 25.49750009867962
5.736396333006033 -72.06515993708655 nan 17.825160677541305 5.736646393919919 -72.06536763427611 22.482851440804716 16.06807780058734
5.740105874030761 -72.06479902475172 19.25699675645565 18.779600694065913 5.739770378949295 -72.06485292975687 19.182739522300007 23.999262752494122
5.744108306541531 -72.06438212508462 20.53987726823809 19.988249249013144 5.7440428080433 -72.06457932839847 18.453524069571273 18.30459478855067
5.7107341092845205 -72.06770599268708 nan 18.18765712478349 5.709993015938805 -72.06763186508182 23.640124086209365 23.253272525059202
5.681931632749129 -72.0706694570187 19.565307642309314 19.07278320249113 5.681920204958783 -72.07081612856297 21.664235959187515 20.896330411576397
5.69047469142857 -72.06978980783391 19.88540264460208 19.491686983398488 5.690168268183827 -72.06966552109908 24.847183721479578 24.316179089105017
5.716759200038891 -72.06709976290253 20.313568614361298 19.80452854611165 5.716598422089285 -72.06733784394847 24.1773499791956 22.379578025999443
5.6860867799808466 -72.07016663247266 nan 18.076420410938574 5.685739150373694 -72.07002178307627 21.185449493378925 20.42106720683962
