master_catalog_with_pms.ecsv
# %ECSV 1.0
# ---
# datatype:
# - {name: ra_jwst, datatype: float64}
# - {name: dec_jwst, datatype: float64}
# - {name: mag_f150w2, datatype: float64, format: .6f, description: Total aperture-corrected Vega magnitude based on the 70% encircled
#     energy circular aperture; should be used only for unresolved sources.}
# - {name: mag_f322w2, datatype: float64, format: .6f, description: Total aperture-corrected Vega magnitude based on the 70% encircled
#     energy circular aperture; should be used only for unresolved sources.}
# - {name: ra_hst, datatype: float64}
# - {name: dec_hst, datatype: float64}
# - {name: mag_f606w, datatype: float64}
# - {name: mag_f814w, datatype: float64}
# - {name: pm_ra_raw, datatype: float64}
# - {name: pm_dec_raw, datatype: float64}
# - {name: pm_ra_corr, datatype: float64}
# - {name: pm_dec_corr, datatype: float64}
# meta: !!omap
# - {date: '2025-09-19 08:56:04 UTC'}
# - version: {Python: 3.12.11, astropy: 7.1.0, gwcs: 0.25.1, jwst: 1.19.1, numpy: 2.2.6, photutils: 2.2.0, scipy: 1.16.0}
# - {localbkg_width: 0}
# - {apermask_method: correct}
# - kron_params: !!python/tuple [2.5, 1.4, 0.0]
# - aperture_params:
#     aperture_corrections: !numpy.ndarray
#       buffer: !!binary |
#         YXQ1VlFKQ2dBRURuKzdrLw==
#       dtype: float32
#       order: C
#       shape: !!python/tuple [3]
#     aperture_ee: !numpy.ndarray
#       buffer: !!binary |
#         SGdBQUFBQUFBQUF5QUFBQUFBQUFBRVlBQUFBQUFBQUE=
#       dtype: int64
#       order: C
#       shape: !!python/tuple [3]
#     aperture_radii: !numpy.ndarray
#       buffer: !!binary |
#         WkR0ZlA4UDF5RDlXRGwxQQ==
#       dtype: float32
#       order: C
#       shape: !!python/tuple [3]
#     bkg_aperture_inner_radius: 6.245
#     bkg_aperture_outer_radius: 9.474
# - {abvega_offset: 1.2345035}
# schema: astropy-2.0
ra_jwst dec_jwst mag_f150w2 mag_f322w2 ra_hst dec_hst mag_f606w mag_f814w pm_ra_raw pm_dec_raw pm_ra_corr pm_dec_corr
[from data line 1252]
5.650858633416844 -72.06600157894765 20.091969165920652 19.56392254047837 5.6510870964371085 -72.06607535761515 nan 20.161241461715615 -20.211892014262038 21.19734418389313 -21.534976919887853 20.693937052672343
5.62131777019562 -72.06890544731671 22.173303101706196 18.84397754390654 5.621573658341421 -72.06900610636302 20.74665174278147 19.908467411872927 -22.63461999699426 28.92034829641308 -23.957704902620076 28.416941165192295
5.667217583865845 -72.06416568751179 20.389238267483975 19.88823145846475 5.6670126217189365 -72.06417391120394 24.20194656505854 24.22192047382014 18.13458876493051 2.362721872738897 16.811503859304693 1.8593147415181102
5.644518132283112 -72.06641397444699 19.272777400147753 18.714496275502004 5.64446660727438 -72.06646248692057 nan 23.0004338755452 4.5582639636600835 13.938138902873568 3.2351790580342685 13.434731771652782
5.580582716669002 -72.0728206293571 nan 17.762919066732756 5.580669622138766 -72.07296279663845 24.021932018953486 18.215487364101076 -7.685611554403411 40.84614073596799 -9.008696460029226 40.3427336047472
5.617494715214169 -72.0690830430433 nan 18.270922555904683 5.617037924553352 -72.06908098792447 nan nan 40.40509167259693 -0.5906103703079374 39.08200676697112 -1.0940175015287243
5.6168914643750405 -72.06913216568083 19.38900602336455 18.930158681209324 5.617037924553352 -72.06908098792447 nan nan -12.954996151007835 -14.703920215467635 -14.278081056633651 -15.207327346688421
5.652552879399377 -72.06544515463276 nan 18.169251208932103 5.652803357382533 -72.06555891126413 20.950452902515025 23.313148656453592 -22.160198418581697 32.68342342596821 -23.483283324207513 32.18001629474742
5.619822965895451 -72.0686813336485 20.45331278545129 19.918258657862793 5.620188463276117 -72.06850970714423 23.720780809110597 21.740067195237504 -32.33051025862202 -49.31018712976292 -33.65359516424783 -49.81359426098371
5.668307418709308 -72.06372119580307 20.67701770772034 nan 5.667759878220495 -72.06389711950864 18.21946006504597 17.712743454366638 48.4463093765584 50.5444996425414 47.12322447093259 50.04109251132061
5.646262837367534 -72.0658172701476 19.824636483379393 19.278731013869645 5.646025056742266 -72.06568009636396 21.296136290262773 21.40165580707814 21.03642017839202 -39.411503711245665 19.713335272766205 -39.914910842466455
5.577587311885446 -72.0727476908646 20.14363297163662 19.65343057857641 5.577071817313998 -72.07293731608694 nan 25.440420252446092 45.58869123762622 54.48111376544287 44.26560633200041 53.97770663422208
5.644444891425756 -72.06593353699941 20.340077856067243 19.851626921899154 5.6441847226681645 -72.06594639426716 nan 23.952724096144088 23.016950942808343 3.6939777284503887 21.693866037182527 3.190570597229602
5.640297090539966 -72.06622758175939 nan 17.84864318565225 5.640742469302377 -72.0660598248221 24.110493305884802 21.817490765356325 -39.40172781172387 -48.19846766443503 -40.724812717349685 -48.70187479565582
5.562679296120292 -72.0741255980981 20.428344054499718 19.930305827935566 5.562135770467099 -72.07412175786904 24.078694872473854 23.099145371685072 48.06409727152934 -1.1035548709866398 46.74101236590353 -1.606962002207427
5.582720193830414 -72.07192295238833 20.32446584939992 19.782504729761506 5.582048807562648 -72.07191401368935 nan nan 59.37789609434184 -2.5685126698379226 58.05481118871603 -3.0719198010587094
5.571674333744854 -72.07302728701504 20.203484252461298 19.644075810827022 5.571927435870788 -72.07314087800074 nan nan -22.383204910079527 32.635830737311885 -23.706289815705343 32.132423606091095
5.584740624469325 -72.07166094512345 nan 18.01649283492958 5.5850245879446545 -72.07178403721406 23.69324779101118 20.51798810644176 -25.114293907635847 35.36558533414738 -26.437378813261663 34.86217820292659
5.648844930748772 -72.06515137888738 nan 17.83295811111027 5.648361325987562 -72.06522128695123 26.649064681528387 25.080519843248943 42.78598502146494 20.085145831817364 41.462900115839126 19.581738700596578
5.579146584782041 -72.07214629931967 22.458213395585318 20.495374850898365 5.579105765890975 -72.07212725378288 nan 21.180744234631817 3.610009298577437 -5.471983063303945 2.2869243929516214 -5.975390194524732
5.650627719750559 -72.06498599197703 20.28749926366892 19.850887354110974 5.651390347494692 -72.06493478975689 25.10911417890711 25.627209228568464 -67.47259923876128 -14.711360381387783 -68.7956841443871 -15.214767512608569
5.666019255469824 -72.063413986031 19.882729595350042 19.4961581113367 5.665965058554851 -72.06362773613229 20.534679034105537 20.244009794199492 4.795415236959011 61.412636681943226 3.472330331333196 60.909229550722436
5.665425806156157 -72.06347078074336 20.48782695699493 20.03153871103939 5.665005562689094 -72.06343895580879 18.797846138391325 17.921219302065047 37.18358793783126 -9.143766160803207 35.86050303220545 -9.647173292023993
5.651078353517843 -72.06490492122145 19.778325710881546 19.380917581231177 5.651390347494692 -72.06493478975689 25.10911417890711 25.627209228568464 -27.603423494338 8.581471003100564 -28.926508399963815 8.078063871879777
5.6430150675414215 -72.06567986124308 nan 17.736009086315583 5.642590350519498 -72.06576261496352 23.272822116980986 19.167697964534987 37.57493666486013 23.775876565959848 36.25185175923432 23.27246943473906
5.5733480750207836 -72.07270108216487 19.55298222110087 19.09834283365013 5.572820637778316 -72.0727212538036 nan nan 46.6449801545808 5.795318430616902 45.32189524895499 5.291911299396115
5.640279705168369 -72.06578579023213 nan nan 5.640888255114378 -72.06576678069035 24.22267335705453 23.493981275717445 -53.838423882101566 -5.46191211759602 -55.16150878772738 -5.965319248816807
5.616081115892959 -72.06835473106564 20.15950005626066 19.661315568384445 5.615822695020477 -72.06857714662743 23.304857486728714 21.99917039738597 22.859331660720006 63.90226718729271 21.53624675509419 63.39886005607192
5.633055661825513 -72.0663622872817 nan nan 5.632478348995767 -72.06624224175299 nan 23.271266395636225 51.073287854882345 -34.49058027005256 49.75020294925653 -34.99398740127335
5.631156697958685 -72.06659943115613 19.625923570983993 19.331783834384638 5.631751525723368 -72.0666861300224 nan 22.94028153968591 -52.62211328740216 24.909230825011132 -53.94519819302797 24.405823693790346
5.644376019697133 -72.06525408939102 20.208450654687113 19.68475043757216 5.644466143840252 -72.06508422638436 20.670362878769996 20.668909226636572 -7.973513067875005 -48.80342368280226 -9.29659797350082 -49.30683081402305
5.578670302483282 -72.07189456518866 20.419985900897807 19.944788458752512 5.5791907831800716 -72.07204267043785 nan 22.10232671738593 -46.03176672584864 42.55198759394193 -47.35485163147445 42.04858046272114
5.587956793910575 -72.07081995115462 nan nan 5.588601433889726 -72.07076731556906 nan nan -57.01582699482936 -15.123059202353469 -58.33891190045517 -15.626466333574255
5.600504738389134 -72.06958468578308 21.64028135824504 19.22567548014655 5.601082159430501 -72.06955000243403 25.036481947697617 23.19362310022064 -51.07398388199502 -9.965133657067241 -52.39706878762083 -10.468540788288028
5.621692176910699 -72.06744014993829 19.717330408201896 19.30084200950157 5.621802039779321 -72.06747241963326 23.267279747124547 21.115398836393133 -9.718702705350374 9.271411876205992 -11.04178761097619 8.768004744985205
5.662686092017811 -72.06301349789481 nan nan 5.663127454764112 -72.0628653392466 18.705646684034406 18.27842462706749 -39.05320705783288 -42.56767172469945 -40.37629196345869 -43.07107885592024
5.603519079419485 -72.06913956693464 nan 18.253991752151542 5.6030522156556914 -72.06932962271567 nan 22.850723831458772 41.29597490211779 54.604852833300654 39.97288999649198 54.101445702079864
5.575088596750182 -72.07186893973407 20.03073239457612 19.528717452759864 5.575463755836314 -72.07181533886818 23.957823694769374 21.658695407172843 -33.17944261072624 -15.400192518309677 -34.50252751635205 -15.903599649530463
5.648475855932859 -72.06435734275159 nan 18.109888943573743 5.648926641634682 -72.06431698265062 23.980618462701916 25.683801341793497 -39.88409063277443 -11.596028242574071 -41.20717553840024 -12.099435373794858
5.646588070247137 -72.06459271715114 nan 18.414826524976675 5.646511510236777 -72.06472212057854 nan 23.081837414266545 6.773701172763981 37.178953283396915 5.450616267138166 36.675546152176125
5.5642051164721416 -72.07276309451552 nan nan 5.563696644572209 -72.07260566248333 20.731696101953332 20.565292957017395 44.96759126030628 -45.23205863583598 43.644506354680466 -45.73546576705677
5.603512690766089 -72.06882657793501 nan nan 5.6039037099105204 -72.06883692612934 23.271963472600362 18.843924269760404 -34.58779760417162 2.973032129859501 -35.91088250979743 2.4696249986387135
5.599226628909935 -72.06930791357928 nan 17.903978630015438 5.599043044850048 -72.06948521188576 25.941054746039075 22.38084872455467 16.23859994805781 50.93963233666091 14.915515042431995 50.43622520544012
5.578730851771034 -72.07140933477976 20.585102251024338 20.04067982378441 5.57945060816767 -72.07145041687681 nan nan -63.657549664849306 11.802935573368693 -64.98063457047512 11.299528442147906
5.577375452866348 -72.07152195170684 19.419714544635823 18.901652099601982 5.5774883438861265 -72.07172010484923 nan nan -9.984380924498494 56.931460123855125 -11.30746583012431 56.428052992634335
5.5861569660646655 -72.07062205451324 19.966648879868792 19.403683367923435 5.586863651085318 -72.07073979768502 nan nan -62.50412991684046 33.8284775038084 -63.827214822466274 33.32507037258761
5.634142019578155 -72.06574661019872 19.700724070220353 19.250431592286873 5.634687490075946 -72.0656853100892 22.296828775475873 21.91931124777662 -48.257886013946404 -17.61238090684524 -49.580970919572216 -18.115788038066025
5.635368749912063 -72.06555293018319 20.42010101976049 20.012420111767803 5.634687490075946 -72.0656853100892 22.296828775475873 21.91931124777662 60.27182592157641 38.033790100979644 58.948741015950596 37.530382969758854
5.596643034329214 -72.06942297436467 nan 18.216962173029074 5.596673223762034 -72.06928064649183 22.83699855183174 17.88993416116363 -2.670335756535274 -40.892286561717924 -3.993420662161089 -41.395693692938714
5.604219023442215 -72.06866538835287 19.87267621823683 19.499783906145552 5.6039037099105204 -72.06883692612934 23.271963472600362 18.843924269760404 27.89146155224451 49.28452357194346 26.568376646618695 48.78111644072267
5.621510305533438 -72.06684403382008 nan 18.2113502226466 5.6210267243072405 -72.06699615491183 22.328644548905014 21.26086294194581 42.779997679901804 43.70580830841678 41.45691277427599 43.20240117719599
5.6322589547237945 -72.06574010389505 nan 18.17275549148767 5.632275873308798 -72.06550779036557 21.34574160100667 18.42543211078601 -1.4967911797076523 -66.74610604651477 -2.8198760853334672 -67.24951317773555
5.656912109773288 -72.06320878150846 nan 18.171313993562293 5.657187138417629 -72.06325264658875 24.974794356981313 22.8460026111029 -24.33517009372886 12.60284060521197 -25.658254999354675 12.099433473991184
5.623315106948318 -72.06661256408921 nan 17.961288064668267 5.623724433332384 -72.06663435812591 23.018681625203364 22.898673663956334 -36.21149747130023 6.261531530958167 -37.53458237692604 5.75812439973738
5.594213745924675 -72.06953855546207 nan 17.81801739987572 5.594504181578964 -72.06968081822961 26.318563333301505 23.51737909979104 -25.689647195516677 40.87351851092207 -27.012732101142493 40.37011137970128
5.565330214049301 -72.07249571004436 19.675507410805512 19.103678567661404 5.564823481795091 -72.07242344491021 23.840514139726235 21.54102501302921 44.814389124206805 -20.762717117061698 43.49130421858099 -21.266124248282484
5.65170720622268 -72.0637204621436 19.542993213209336 19.023309000674445 5.651819823539043 -72.06356405858186 25.036649744113447 21.754952436910337 -9.96436551853871 -44.936387792335665 -11.287450424164525 -45.439794923556455
5.664120621968279 -72.06241322190803 nan 18.094192513254495 5.664736640087772 -72.06246462342787 24.36926244220408 22.134722355949457 -54.50904498909982 14.767915263119724 -55.83212989472563 14.264508131898937
5.6538140274212605 -72.06325472717809 nan nan 5.653631294174801 -72.06330724515723 20.929527929884458 21.833963600056187 16.168619919472096 15.088939947963274 14.84553501384628 14.585532816742488
5.639157671135652 -72.06478035282554 nan 18.20177503445656 5.6392375456515875 -72.06487503499483 23.117276129821388 19.561608969807263 -7.06688289315984 27.203172443291418 -8.389967798785655 26.69976531207063
5.575204323963405 -72.07127302747088 20.47337806334197 19.899778369585327 5.574561510974264 -72.07120055377712 20.438565674041044 20.88129117245559 56.85284752143578 -20.82275336165573 55.529762615809965 -21.326160492876518
5.6203050351661314 -72.06665717969753 nan 17.95858122567109 5.620504749676746 -72.06689809016177 18.02109542585693 23.283933052572454 -17.667915813167753 69.21606577801947 -18.99100071879357 68.71265864679869
5.593960067272653 -72.06935152061217 20.361586886027226 19.898535095750894 5.593445165269945 -72.06927008378439 nan nan 45.54462938254815 -23.39784674219342 44.22154447692234 -23.901253873414205
5.659382314121281 -72.06265715840428 nan 17.873102139138773 5.659607489581629 -72.06242395857186 nan 23.38889098834388 -19.924637739048322 -67.00078718700728 -21.247722644674138 -67.50419431822806
5.660583253422454 -72.06243031831765 25.201188828079346 21.354006157452545 5.660442423129776 -72.0623489179891 21.899142496705473 20.943716808741325 12.461512805235186 -23.387179997315624 11.13842789960937 -23.89058712853641
5.662978093239591 -72.06230520511181 20.116718452595606 19.642414778615027 5.662925090181779 -72.062390410531 22.798050147350782 21.308112466071 4.690061537878239 24.48040568267445 3.366976632252424 23.976998551453665
5.6379421189273495 -72.06473447733265 nan nan 5.638097755482829 -72.06463197945878 19.023977075833066 20.97434735640696 -13.76994928410239 -29.44872855978186 -15.093034189728206 -29.952135691002646
5.628196757298244 -72.0656697028374 nan nan 5.628586375803903 -72.065523114204 nan nan -34.46977148254575 -42.11655845254532 -35.792856388171565 -42.61996558376611
5.61514673280424 -72.06707882898624 20.147316266650645 19.67494089044471 5.615182256486551 -72.06713824665049 nan 23.43206634261441 -3.1425616257986775 17.07131521754983 -4.465646531424492 16.567908086329044
5.598259502863589 -72.06874218768093 21.147971604905276 18.474109224944357 5.597659227889707 -72.06866122868124 22.06547975007303 18.99731591043747 53.09787027958397 -23.260631665876907 51.77478537395816 -23.764038797097694
5.651028262258797 -72.06330490641274 23.403629808438403 20.68093386899244 5.650880240289049 -72.06341098621813 21.81131216490237 19.519243626540458 13.097258105308102 30.477821050033114 11.774173199682286 29.974413918812328
5.604241440557723 -72.06806578027003 20.327745667546083 19.824611908761057 5.604786102382133 -72.06813986459113 21.510264773611688 21.42276419708252 -48.18031609949431 21.28498211530303 -49.503401005120125 20.781574984082244
5.575433445749352 -72.07084335286332 nan nan 5.575952035238075 -72.07090545889879 18.353250738310287 17.801029647683833 -45.86710754683912 17.84351581233438 -47.190192452464935 17.340108681113595
5.601514461211003 -72.0682353736488 20.307849190487595 19.575311326721028 5.601642782913046 -72.06809657633917 23.719671880356003 19.879135365461842 -11.351123460297764 -39.877930262192 -12.67420836592358 -40.38133739341279
5.651757627619132 -72.0631843378349 20.539167344701607 19.990336622461008 5.6511580801162085 -72.06309826779898 23.237925915848976 21.901901716018443 53.04941862990967 -24.7290852383221 51.726333724283855 -25.232492369542886
