master_catalog_combined.ecsv
# %ECSV 1.0
# ---
# datatype:
# - {name: ra_jwst, datatype: float64}
# - {name: dec_jwst, datatype: float64}
# - {name: mag_f150w2, datatype: float64, format: .6f, description: Total aperture-corrected Vega magnitude based on the 70% encircled
#     energy circular aperture; should be used only for unresolved sources.}
# - {name: mag_f322w2, datatype: float64, format: .6f, description: Total aperture-corrected Vega magnitude based on the 70% encircled
#     energy circular aperture; should be used only for unresolved sources.}
# - {name: ra_hst, datatype: float64}
# - {name: dec_hst, datatype: float64}
# - {name: mag_f606w, datatype: float64}
# - {name: mag_f814w, datatype: float64}
# meta: !!omap
# - {date: '2025-09-19 08:56:04 UTC'}
# - version: {Python: 3.12.11, astropy: 7.1.0, gwcs: 0.25.1, jwst: 1.19.1, numpy: 2.2.6, photutils: 2.2.0, scipy: 1.16.0}
# - {localbkg_width: 0}
# - {apermask_method: correct}
# - kron_params: !!python/tuple [2.5, 1.4, 0.0]
# - aperture_params:
#     aperture_corrections: !numpy.ndarray
#       buffer: !!binary |
#         YXQ1VlFKQ2dBRURuKzdrLw==
#       dtype: float32
#       order: C
#       shape: !!python/tuple [3]
#     aperture_ee: !numpy.ndarray
#       buffer: !!binary |
#         SGdBQUFBQUFBQUF5QUFBQUFBQUFBRVlBQUFBQUFBQUE=
#       dtype: int64
#       order: C
#       shape: !!python/tuple [3]
#     aperture_radii: !numpy.ndarray
#       buffer: !!binary |
#         WkR0ZlA4UDF5RDlXRGwxQQ==
#       dtype: float32
#       order: C
#       shape: !!python/tuple [3]
#     bkg_aperture_inner_radius: 6.245
#     bkg_aperture_outer_radius: 9.474
# - {abvega_offset: 1.2345035}
# schema: astropy-2.0
ra_jwst dec_jwst mag_f150w2 mag_f322w2 ra_hst dec_hst mag_f606w mag_f814w
[from data line 564]
5.705931580941697 -72.07727941766429 19.897041032449806 19.39585669629659 5.705417756272281 -72.07735744518185 23.19004832057848 22.117943970588595
5.7250360331730565 -72.07532465106817 20.306305868761882 19.8300194100593 5.7247527845159105 -72.07511776964425 22.582375856868794 17.341261518378012
5.7504106443250365 -72.0727019309548 20.998446393947027 20.202825895500894 5.750620570875042 -72.072733308539 23.613582595204925 22.501497442384675
5.757628975228281 -72.07189725910278 nan 17.546976885735624 5.757856375520378 -72.07188229035708 18.67131033487814 18.645192053744022
5.741633072970115 -72.07340226573774 nan nan 5.74138677656432 -72.07342603458987 23.12451072542267 18.06247196183955
5.726671171980248 -72.07508298984477 19.646153764495892 19.13196668535113 5.726969332869147 -72.07495172274723 22.56645776025922 22.367981589758795
5.754630399381545 -72.07223144868199 20.484898795784225 19.94843839026138 5.755131754486165 -72.07221012261239 18.021411533863947 19.169172323379406
5.760382410314739 -72.07161269774517 19.288888905626166 18.814391207423846 5.7600281372315 -72.07151252976756 24.524055528786793 24.079334223468376
5.6894903052040835 -72.07884005435018 20.36156042789068 19.81031747397729 5.689055154048304 -72.07884838547704 nan 23.92524181520278
5.70817746036454 -72.07689866645504 19.227710011718948 18.55891406010604 5.708504910355415 -72.07686079066494 23.712436411377325 21.708800291708847
5.706796150663169 -72.07694889946336 nan nan 5.706625926918253 -72.077057258394 18.351256232203525 18.814938251631382
5.765011483174052 -72.07110946337848 20.57792356092891 20.016405375318335 5.764671582993268 -72.07105768178116 23.38968043337005 22.010353372365895
5.7257806013939865 -72.0749546183864 nan nan 5.725891308127941 -72.07504898861721 18.346253801966178 17.789356917157818
5.751131768950213 -72.07239407464182 22.70850099202947 19.875313100439513 5.750770524985402 -72.07239184312041 18.71945252266072 19.4433393971996
5.695105934104146 -72.07808135048046 nan nan 5.694797792968055 -72.07798188556977 22.857500287501953 nan
5.688642063834078 -72.07873029706144 nan 18.002445231107032 5.689055154048304 -72.07884838547704 nan 23.92524181520278
5.744431702706329 -72.0730569234494 19.309628167896285 18.830720365792892 5.744742702295837 -72.07316594290833 25.299018804066158 23.49612624681699
5.769133336101862 -72.07056923642064 19.778428822874545 19.27305725281861 5.768964500346087 -72.07058486273606 21.794184721239514 20.701486207091204
5.667020431165369 -72.08093931624211 23.219207810755698 22.086210421308692 5.667416218076735 -72.08092475093976 20.84333290449842 20.749615257842432
5.699702688705202 -72.07753502661362 nan 18.012460541278994 5.699886630789676 -72.07739612702126 18.93801716171572 20.704128093596275
5.747857545448445 -72.07254233232914 nan nan 5.748401345385949 -72.07247929951353 23.250888635987387 19.228922490347305
5.687469260764768 -72.07883169803542 20.286456562688528 19.810019005664117 5.686963323314428 -72.07892747272112 22.878806922100143 18.094673938697024
5.703535816944623 -72.07718130770375 20.195923733065314 19.695295557533505 5.703708942110119 -72.07721170257874 22.564347795526665 20.867900216334924
5.723755578966916 -72.07509903847927 19.326717785844238 18.850235171043792 5.724186199216596 -72.07525259542595 25.70749441406711 18.895651365897265
5.708954469570045 -72.07650555518028 nan nan 5.708681307318923 -72.07627200994692 22.811774752263695 22.155092528545264
5.691544934900533 -72.07829261870685 nan nan 5.691592744275165 -72.07813185280182 nan nan
5.682615373713842 -72.07917502605295 22.281695962013124 17.867176939765955 5.682658891206577 -72.07916311541842 nan 25.27570661980492
5.749708637320696 -72.07236757479612 19.892276341862207 19.122395798062342 5.749951861880651 -72.07248421026266 18.68374908508129 18.288693646175645
5.745562289081249 -72.07279816073759 19.79054734025283 19.287090628237443 5.745856670520219 -72.07271980538592 25.72578565434958 20.939118780863218
5.762516708824325 -72.0710480530267 19.30936587361783 18.84384046958749 5.762299307797087 -72.07124439232926 20.312402509945393 20.36859036506452
5.755674737239935 -72.0717501007628 20.36462658434803 19.859386977758607 5.756402940249844 -72.07185329051953 22.516521322227877 17.785545437240977
5.703017877873703 -72.07709502093068 19.295285302981526 18.783182313567828 5.702579568165207 -72.07698431005099 18.77822904116888 19.900324207727447
5.756313880486725 -72.07156746934626 nan 17.822330294514664 5.756698416972747 -72.07160110591441 23.376689527072116 22.71819392862894
5.695726054481995 -72.0777477483359 19.716914098153865 19.170013802174022 5.6951313401400325 -72.07790747836543 22.75058335509726 22.652747595057768
5.697753968936772 -72.07753471324894 20.004578792869992 19.50453638383343 5.697661260652668 -72.07765483418174 18.67195877717452 18.315925170989576
5.727320717123536 -72.07451226511868 19.56661764858074 19.079876276292183 5.7268894219148985 -72.07454226104655 26.115313539351085 22.64391153713121
5.765772276959412 -72.07057502441427 20.8896842567809 20.362013902950366 5.766090202346192 -72.07041500833868 24.645505436620244 24.850353079773797
5.7496012238747864 -72.07218199733992 20.67910420382031 20.181262240657112 5.749235716843367 -72.07230529835806 23.092008609965887 17.61076556924474
5.689457338866202 -72.07827977392459 19.788631455121493 19.233867208733244 5.689194518189098 -72.07824358698099 19.06841152702915 20.568087773036932
5.712475929929986 -72.075928564381 19.92166417919269 19.44077605644258 5.712260746040797 -72.07595481887755 24.36196103386961 23.000901002524134
5.705121902391464 -72.07665927041205 19.70555783742562 19.213530617852665 5.705305260530031 -72.07666959496734 nan 23.618628189014604
5.725858637792755 -72.07439439268717 nan nan 5.725189508075279 -72.0744613042305 23.17903877291978 18.162929192415092
5.7672714409841115 -72.0703026088986 19.234869350506216 18.76664404842616 5.7669928898814735 -72.07023387853079 18.801280085001252 17.43846137044301
5.73951174622845 -72.07315289235416 20.467159370940323 20.000520317474233 5.739169084223842 -72.0731864584697 20.3337039632395 nan
5.768351118108722 -72.0701749717602 20.58705894724715 20.045713168612586 5.7686233398754165 -72.07033774791985 24.62520501632761 18.46320377215418
5.752385462052009 -72.07176352161673 19.355106885562435 18.895615989022943 5.752238597228484 -72.07153168870805 18.639756125528024 17.27719174635886
5.737371727558271 -72.07329859239023 20.503181118958523 19.990421208737736 5.736574432550066 -72.0733047949192 22.227592419932467 20.81967359193161
5.696170842345389 -72.07746157886655 19.177704791148834 18.574381011429374 5.696335159366275 -72.07738866889507 23.292397870545337 18.572993673928124
5.7215451487324 -72.07488702701237 23.54607635093702 20.77202379756619 5.721883166192704 -72.07478156789792 24.551724861138567 22.59822481695054
5.710832328219917 -72.07585724003373 nan nan 5.710865378841251 -72.076005473505 19.747474188618735 21.79927750022914
5.745356107982161 -72.0722739254384 nan nan 5.745374928883322 -72.07230429820389 23.31355158303826 22.470650435810633
5.735993181615233 -72.07338456353594 19.920701779677536 19.34482791195385 5.736035767853662 -72.07349131586962 25.506976471594783 25.47629353369414
5.728559071444838 -72.07408841273553 nan 17.869440746462985 5.728720036863012 -72.07410946136727 25.59904918113368 25.120000119976414
5.7678975448930645 -72.0701180048189 20.348630489063623 19.722284653362674 5.767818072475291 -72.07030083389925 24.606540423442794 23.760537786330378
5.748298181022325 -72.0720503691862 nan 17.768291462640647 5.748543867950998 -72.0721937835057 22.925331926766738 19.006431393681492
5.740975179273994 -72.0727942692361 21.37595841553304 20.76593414833577 5.741528074904063 -72.07267261654866 24.87848033781505 24.702397254110686
5.7353683127391175 -72.07336163188965 20.425746463276695 19.94173550230318 5.736035767853662 -72.07349131586962 25.506976471594783 25.47629353369414
5.724838381276178 -72.07440383458588 20.396746758296715 19.91739634517669 5.725189508075279 -72.0744613042305 23.17903877291978 18.162929192415092
5.767580937895167 -72.0699530581737 19.145517803756874 18.621824661334454 5.766985734824958 -72.0700811077596 21.67732826919774 22.06091019935459
5.764608299009468 -72.07027240651385 20.43964412989738 19.864982612235806 5.7642166507628465 -72.07013057551056 22.30931206043034 23.483762733000226
5.744145787397359 -72.07235017838177 20.08474176227383 19.508374451919877 5.744560872145013 -72.07243031764831 25.405932739573117 24.294032964620182
5.707303080985915 -72.07605794001903 20.05715338069077 19.588795569352307 5.707337794396936 -72.07587341346768 18.229804675629516 17.78175288141028
5.722752103511434 -72.0744497772358 19.579877060066387 19.05233208150137 5.722424583795292 -72.07432163647275 25.825165597425475 18.385237123431246
5.70508072551319 -72.0762264281676 20.641177261494306 19.890049009865525 5.70457565846015 -72.07624226343607 20.6878657783307 21.68542256738383
5.74096209842634 -72.07255133130259 nan 17.96199749850699 5.741528074904063 -72.07267261654866 24.87848033781505 24.702397254110686
5.697258349206351 -72.07699865297468 19.12256886327217 18.563372569386182 5.696800118786061 -72.0769156945378 23.829706183205612 22.054977362219738
5.764754573969254 -72.07010769585531 nan 18.413393410822604 5.7642166507628465 -72.07013057551056 22.30931206043034 23.483762733000226
5.698973239972379 -72.07683402821547 19.875140832669167 19.38337338282816 5.698805415990704 -72.07694424855019 22.07773734221258 21.54130609851311
5.702110664895723 -72.07650680935646 19.735758613001554 19.209480408114068 5.702152089449331 -72.07658320637559 23.299399879194773 23.128002275330964
5.74848671695303 -72.0716915931254 nan 18.229911338525568 5.748052996801862 -72.07153219992485 25.043818110358085 23.117384401206387
5.757382388300239 -72.07077279201208 nan 17.871811509747584 5.757193793458256 -72.07085247594678 22.288219777860974 20.28908404351622
5.768231060578744 -72.06969177431944 19.55882242963927 19.064686551888506 5.768358221078832 -72.06968420863069 21.871908965408448 18.50118729660266
5.75162523524748 -72.07138691882955 20.269111621137142 19.861965620050128 5.751476740821482 -72.07119833511177 17.29191156764922 16.915960701919133
5.744216617516138 -72.07209740783898 20.251915286090536 18.919264085391433 5.744415555618866 -72.07208035175883 22.779640632104083 18.395193338197018
5.695788651267963 -72.07701444482781 nan nan 5.6958661528532275 -72.0770134776209 22.71772796431442 22.198252366883906
5.7591982951093765 -72.07059683406403 20.993661078853403 20.439766548625627 5.759615686529123 -72.07054105407629 24.66832672892516 23.135570481977837
5.766647913555127 -72.06974153692083 nan nan 5.766189363100525 -72.06963777616447 19.586176396388524 18.90456033780318
5.712268821024672 -72.07522001385031 23.392727777846286 21.181779213013634 5.7118299037521245 -72.07521198240991 22.712314695162412 21.918132655950746
5.709900032118971 -72.07558561341392 20.235002629945015 19.85901771604136 5.710241538440325 -72.07561196711482 17.931251242524155 18.527381752724533
5.7543104207695785 -72.07101907411227 nan 18.398935036427424 5.754301089091548 -72.07102321536594 21.912332706465765 21.03005404604295
5.698845779049189 -72.07662951900471 nan nan 5.698517725565636 -72.0765536935451 26.13890265762666 18.794799924038042
5.6858508365584015 -72.07796585069228 22.339658610266795 19.93883761912143 5.685286978363499 -72.07793694610201 23.470360638671195 17.435350238281032
5.749055828621299 -72.07151802420312 19.260599043438432 18.822224215466676 5.749154626007324 -72.07141066495791 22.292169421841184 21.700687014160202
5.705558098610637 -72.07592112862416 nan nan 5.705368845019967 -72.07582410707064 22.34586197062338 18.548997686058403
5.721074819062811 -72.07438015462442 20.42399562208987 19.943271128039285 5.720536019110697 -72.07444417480714 18.551823161426796 22.94645325429402
5.737197134955061 -72.07269931895866 19.725720397391868 19.21762126563944 5.736837159267669 -72.07254187020528 26.00524116888113 25.225559115098708
5.717234693485985 -72.0747236538133 20.592151589384052 20.05859732301331 5.717543346608099 -72.07459385701327 23.942170973591033 22.844454811750012
5.6869176621412665 -72.07771969846276 nan nan 5.686894381086854 -72.07757334113676 22.07889078224295 21.061255942584204
5.756580871728163 -72.07068947839434 19.589585415853527 19.090364816582756 5.756608110598749 -72.07084183615564 18.291079030693837 19.909611188389604
5.733985778771714 -72.07299169443468 19.43891033433239 18.95476323665384 5.733359649950245 -72.07288043249646 23.325485446703468 22.134182102687216
5.744545113676309 -72.07190906464604 20.649636727038885 20.098715316382105 5.7441642967048026 -72.07186774178095 23.006694598791075 17.624263649344364
5.69643102068113 -72.07674192453571 nan 18.06978266253874 5.696800118786061 -72.0769156945378 23.829706183205612 22.054977362219738
5.745212205250941 -72.07176166385607 19.859019390289987 19.435402594392585 5.745734220260643 -72.07160017687791 24.722061719818623 21.34706120777678
5.754563768292873 -72.07077429660067 19.164190065527016 18.65576236037616 5.754648083455072 -72.07077069866216 24.65868029106912 22.786728043035176
5.7059987590643235 -72.07573188228085 19.826491016400954 19.271716958642862 5.705368845019967 -72.07582410707064 22.34586197062338 18.548997686058403
5.735702843658789 -72.07263018258456 nan 17.866381804615095 5.735310666487438 -72.07258322005285 20.248028810163767 18.82799656125076
5.725310061311601 -72.07368821238126 nan 18.158478793762 5.725226299846783 -72.07362622108528 18.514475820922005 20.781549160062543
5.710191795407396 -72.07521216453266 20.425287193678688 19.928644187381956 5.710266471034407 -72.07542392286261 22.401747629021692 18.980003975653048
5.695007887197873 -72.07674482914541 19.992787061668672 19.568210368957303 5.695146467366963 -72.0767372676518 25.90527725092813 25.251884341258457
5.682040028183273 -72.07794928456318 nan nan 5.681782313126503 -72.07798491074254 24.376939975781024 22.939610667722032
5.724099729225249 -72.07374232556973 19.474124808475167 19.015849857745494 5.724014312956631 -72.07386763275471 26.390287376470937 22.661568358317883
5.698322742484255 -72.07638552209207 20.833830922977 20.307945033014164 5.6985536551894915 -72.07635006096001 25.214930706431907 17.795447732905153
5.741190824249606 -72.07198859353151 19.42544636620366 18.961865175929013 5.740950176591958 -72.07197041795534 19.979739988686333 17.68532166767806
5.704670739779569 -72.075701306181 20.24877709112929 19.757584577572608 5.705368845019967 -72.07582410707064 22.34586197062338 18.548997686058403
5.768625084735144 -72.06918111863062 20.627824913933033 20.13935300716791 5.7681568000555306 -72.06900984716376 19.918619506310595 21.125317469833703
5.75649932895734 -72.07035003161839 nan 17.97776139088934 5.756085758132621 -72.070556623583 19.291301978654506 19.254163708410513
5.75153742424355 -72.07089639302501 19.805117366971345 19.344142617869043 5.7514435575330305 -72.0710757586745 17.66463779618754 20.801374120452294
5.733094610656316 -72.07270713134159 nan nan 5.733359649950245 -72.07288043249646 23.325485446703468 22.134182102687216
5.767468087867161 -72.06909672747354 nan nan 5.7681568000555306 -72.06900984716376 19.918619506310595 21.125317469833703
5.760604687790511 -72.06991054678899 20.948638960673872 20.373553651008805 5.76100541275884 -72.06986627085662 25.03995963186687 22.530120800434002
5.686755162336481 -72.07741302687683 20.463644679061403 19.903952667237867 5.686508678700265 -72.0774485194138 21.566161494453965 21.103275363229535
5.7684163577409375 -72.06907049978292 20.61417455800076 20.127449078222206 5.7681568000555306 -72.06900984716376 19.918619506310595 21.125317469833703
