master_catalog_combined.ecsv
# %ECSV 1.0
# ---
# datatype:
# - {name: ra_jwst, datatype: float64}
# - {name: dec_jwst, datatype: float64}
# - {name: mag_f150w2, datatype: float64, format: .6f, description: Total aperture-corrected Vega magnitude based on the 70% encircled
#     energy circular aperture; should be used only for unresolved sources.}
# - {name: mag_f322w2, datatype: float64, format: .6f, description: Total aperture-corrected Vega magnitude based on the 70% encircled
#     energy circular aperture; should be used only for unresolved sources.}
# - {name: ra_hst, datatype: float64}
# - {name: dec_hst, datatype: float64}
# - {name: mag_f606w, datatype: float64}
# - {name: mag_f814w, datatype: float64}
# meta: !!omap
# - {date: '2025-09-19 08:56:04 UTC'}
# - version: {Python: 3.12.11, astropy: 7.1.0, gwcs: 0.25.1, jwst: 1.19.1, numpy: 2.2.6, photutils: 2.2.0, scipy: 1.16.0}
# - {localbkg_width: 0}
# - {apermask_method: correct}
# - kron_params: !!python/tuple [2.5, 1.4, 0.0]
# - aperture_params:
#     aperture_corrections: !numpy.ndarray
#       buffer: !!binary |
#         YXQ1VlFKQ2dBRURuKzdrLw==
#       dtype: float32
#       order: C
#       shape: !!python/tuple [3]
#     aperture_ee: !numpy.ndarray
#       buffer: !!binary |
#         SGdBQUFBQUFBQUF5QUFBQUFBQUFBRVlBQUFBQUFBQUE=
#       dtype: int64
#       order: C
#       shape: !!python/tuple [3]
#     aperture_radii: !numpy.ndarray
#       buffer: !!binary |
#         WkR0ZlA4UDF5RDlXRGwxQQ==
#       dtype: float32
#       order: C
#       shape: !!python/tuple [3]
#     bkg_aperture_inner_radius: 6.245
#     bkg_aperture_outer_radius: 9.474
# - {abvega_offset: 1.2345035}
# schema: astropy-2.0
ra_jwst dec_jwst mag_f150w2 mag_f322w2 ra_hst dec_hst mag_f606w mag_f814w
[from data line 1241]
5.640201349052711 -72.06765733523346 nan 18.31601639183109 5.63993901502785 -72.06769377942368 23.043785692367784 19.606614009385627
5.5775647704310565 -72.0739814184937 20.686520874175994 19.059093792839107 5.578285109469744 -72.07401125411346 23.15960704869 14.880483442037107
5.604454634124058 -72.0712291765517 19.74522208714759 19.318407579660427 5.604794006913519 -72.07116039735484 nan nan
5.6662830144052325 -72.0647868742068 nan nan 5.666124208559179 -72.0647209015488 22.995145375855213 21.422340583262944
5.56414979946428 -72.07504464384338 nan 17.517973189523047 5.564153631512835 -72.07526955968142 22.811801352943334 17.171913798094195
5.643601100974012 -72.0670357735632 nan 18.18452714924368 5.643385728109585 -72.06686474160405 23.273897440686632 19.139184349116725
5.630311122347596 -72.06836877343596 19.36534756146534 18.93399653259008 5.63078125730879 -72.0683151119791 22.883844684632383 16.752210388227482
5.571073471748482 -72.07425044873382 19.29345411026064 18.708830850766674 5.571700660947222 -72.07432990059604 17.294143736604077 18.438747113827436
5.601402051413339 -72.07113698899542 20.351777651207662 19.834816471426706 5.601203511505744 -72.07107849036946 nan nan
5.664007153772755 -72.06467971586746 19.985476247686343 19.489041222457907 5.663908815966865 -72.06457872315993 23.293367015539566 17.877593531771502
5.638108825804971 -72.06729607705805 20.0995430231477 19.57897945475949 5.637529919153091 -72.06722148513961 22.600594332191754 21.040629617885024
5.650858633416844 -72.06600157894765 20.091969165920652 19.56392254047837 5.6510870964371085 -72.06607535761515 nan 20.161241461715615
5.62131777019562 -72.06890544731671 22.173303101706196 18.84397754390654 5.621573658341421 -72.06900610636302 20.74665174278147 19.908467411872927
5.667217583865845 -72.06416568751179 20.389238267483975 19.88823145846475 5.6670126217189365 -72.06417391120394 24.20194656505854 24.22192047382014
5.644518132283112 -72.06641397444699 19.272777400147753 18.714496275502004 5.64446660727438 -72.06646248692057 nan 23.0004338755452
5.580582716669002 -72.0728206293571 nan 17.762919066732756 5.580669622138766 -72.07296279663845 24.021932018953486 18.215487364101076
5.617494715214169 -72.0690830430433 nan 18.270922555904683 5.617037924553352 -72.06908098792447 nan nan
5.6168914643750405 -72.06913216568083 19.38900602336455 18.930158681209324 5.617037924553352 -72.06908098792447 nan nan
5.652552879399377 -72.06544515463276 nan 18.169251208932103 5.652803357382533 -72.06555891126413 20.950452902515025 23.313148656453592
5.619822965895451 -72.0686813336485 20.45331278545129 19.918258657862793 5.620188463276117 -72.06850970714423 23.720780809110597 21.740067195237504
5.668307418709308 -72.06372119580307 20.67701770772034 nan 5.667759878220495 -72.06389711950864 18.21946006504597 17.712743454366638
5.646262837367534 -72.0658172701476 19.824636483379393 19.278731013869645 5.646025056742266 -72.06568009636396 21.296136290262773 21.40165580707814
5.577587311885446 -72.0727476908646 20.14363297163662 19.65343057857641 5.577071817313998 -72.07293731608694 nan 25.440420252446092
5.644444891425756 -72.06593353699941 20.340077856067243 19.851626921899154 5.6441847226681645 -72.06594639426716 nan 23.952724096144088
5.640297090539966 -72.06622758175939 nan 17.84864318565225 5.640742469302377 -72.0660598248221 24.110493305884802 21.817490765356325
5.562679296120292 -72.0741255980981 20.428344054499718 19.930305827935566 5.562135770467099 -72.07412175786904 24.078694872473854 23.099145371685072
5.582720193830414 -72.07192295238833 20.32446584939992 19.782504729761506 5.582048807562648 -72.07191401368935 nan nan
5.571674333744854 -72.07302728701504 20.203484252461298 19.644075810827022 5.571927435870788 -72.07314087800074 nan nan
5.584740624469325 -72.07166094512345 nan 18.01649283492958 5.5850245879446545 -72.07178403721406 23.69324779101118 20.51798810644176
5.648844930748772 -72.06515137888738 nan 17.83295811111027 5.648361325987562 -72.06522128695123 26.649064681528387 25.080519843248943
5.579146584782041 -72.07214629931967 22.458213395585318 20.495374850898365 5.579105765890975 -72.07212725378288 nan 21.180744234631817
5.650627719750559 -72.06498599197703 20.28749926366892 19.850887354110974 5.651390347494692 -72.06493478975689 25.10911417890711 25.627209228568464
5.666019255469824 -72.063413986031 19.882729595350042 19.4961581113367 5.665965058554851 -72.06362773613229 20.534679034105537 20.244009794199492
5.665425806156157 -72.06347078074336 20.48782695699493 20.03153871103939 5.665005562689094 -72.06343895580879 18.797846138391325 17.921219302065047
5.651078353517843 -72.06490492122145 19.778325710881546 19.380917581231177 5.651390347494692 -72.06493478975689 25.10911417890711 25.627209228568464
5.6430150675414215 -72.06567986124308 nan 17.736009086315583 5.642590350519498 -72.06576261496352 23.272822116980986 19.167697964534987
5.5733480750207836 -72.07270108216487 19.55298222110087 19.09834283365013 5.572820637778316 -72.0727212538036 nan nan
5.640279705168369 -72.06578579023213 nan nan 5.640888255114378 -72.06576678069035 24.22267335705453 23.493981275717445
5.616081115892959 -72.06835473106564 20.15950005626066 19.661315568384445 5.615822695020477 -72.06857714662743 23.304857486728714 21.99917039738597
5.633055661825513 -72.0663622872817 nan nan 5.632478348995767 -72.06624224175299 nan 23.271266395636225
5.631156697958685 -72.06659943115613 19.625923570983993 19.331783834384638 5.631751525723368 -72.0666861300224 nan 22.94028153968591
5.644376019697133 -72.06525408939102 20.208450654687113 19.68475043757216 5.644466143840252 -72.06508422638436 20.670362878769996 20.668909226636572
5.578670302483282 -72.07189456518866 20.419985900897807 19.944788458752512 5.5791907831800716 -72.07204267043785 nan 22.10232671738593
5.587956793910575 -72.07081995115462 nan nan 5.588601433889726 -72.07076731556906 nan nan
5.600504738389134 -72.06958468578308 21.64028135824504 19.22567548014655 5.601082159430501 -72.06955000243403 25.036481947697617 23.19362310022064
5.621692176910699 -72.06744014993829 19.717330408201896 19.30084200950157 5.621802039779321 -72.06747241963326 23.267279747124547 21.115398836393133
5.662686092017811 -72.06301349789481 nan nan 5.663127454764112 -72.0628653392466 18.705646684034406 18.27842462706749
5.603519079419485 -72.06913956693464 nan 18.253991752151542 5.6030522156556914 -72.06932962271567 nan 22.850723831458772
5.575088596750182 -72.07186893973407 20.03073239457612 19.528717452759864 5.575463755836314 -72.07181533886818 23.957823694769374 21.658695407172843
5.648475855932859 -72.06435734275159 nan 18.109888943573743 5.648926641634682 -72.06431698265062 23.980618462701916 25.683801341793497
5.646588070247137 -72.06459271715114 nan 18.414826524976675 5.646511510236777 -72.06472212057854 nan 23.081837414266545
5.5642051164721416 -72.07276309451552 nan nan 5.563696644572209 -72.07260566248333 20.731696101953332 20.565292957017395
5.603512690766089 -72.06882657793501 nan nan 5.6039037099105204 -72.06883692612934 23.271963472600362 18.843924269760404
5.599226628909935 -72.06930791357928 nan 17.903978630015438 5.599043044850048 -72.06948521188576 25.941054746039075 22.38084872455467
5.578730851771034 -72.07140933477976 20.585102251024338 20.04067982378441 5.57945060816767 -72.07145041687681 nan nan
5.577375452866348 -72.07152195170684 19.419714544635823 18.901652099601982 5.5774883438861265 -72.07172010484923 nan nan
5.5861569660646655 -72.07062205451324 19.966648879868792 19.403683367923435 5.586863651085318 -72.07073979768502 nan nan
5.634142019578155 -72.06574661019872 19.700724070220353 19.250431592286873 5.634687490075946 -72.0656853100892 22.296828775475873 21.91931124777662
5.635368749912063 -72.06555293018319 20.42010101976049 20.012420111767803 5.634687490075946 -72.0656853100892 22.296828775475873 21.91931124777662
5.596643034329214 -72.06942297436467 nan 18.216962173029074 5.596673223762034 -72.06928064649183 22.83699855183174 17.88993416116363
5.604219023442215 -72.06866538835287 19.87267621823683 19.499783906145552 5.6039037099105204 -72.06883692612934 23.271963472600362 18.843924269760404
5.621510305533438 -72.06684403382008 nan 18.2113502226466 5.6210267243072405 -72.06699615491183 22.328644548905014 21.26086294194581
5.6322589547237945 -72.06574010389505 nan 18.17275549148767 5.632275873308798 -72.06550779036557 21.34574160100667 18.42543211078601
5.656912109773288 -72.06320878150846 nan 18.171313993562293 5.657187138417629 -72.06325264658875 24.974794356981313 22.8460026111029
5.623315106948318 -72.06661256408921 nan 17.961288064668267 5.623724433332384 -72.06663435812591 23.018681625203364 22.898673663956334
5.594213745924675 -72.06953855546207 nan 17.81801739987572 5.594504181578964 -72.06968081822961 26.318563333301505 23.51737909979104
5.565330214049301 -72.07249571004436 19.675507410805512 19.103678567661404 5.564823481795091 -72.07242344491021 23.840514139726235 21.54102501302921
5.65170720622268 -72.0637204621436 19.542993213209336 19.023309000674445 5.651819823539043 -72.06356405858186 25.036649744113447 21.754952436910337
5.664120621968279 -72.06241322190803 nan 18.094192513254495 5.664736640087772 -72.06246462342787 24.36926244220408 22.134722355949457
5.6538140274212605 -72.06325472717809 nan nan 5.653631294174801 -72.06330724515723 20.929527929884458 21.833963600056187
5.639157671135652 -72.06478035282554 nan 18.20177503445656 5.6392375456515875 -72.06487503499483 23.117276129821388 19.561608969807263
5.575204323963405 -72.07127302747088 20.47337806334197 19.899778369585327 5.574561510974264 -72.07120055377712 20.438565674041044 20.88129117245559
5.6203050351661314 -72.06665717969753 nan 17.95858122567109 5.620504749676746 -72.06689809016177 18.02109542585693 23.283933052572454
5.593960067272653 -72.06935152061217 20.361586886027226 19.898535095750894 5.593445165269945 -72.06927008378439 nan nan
5.659382314121281 -72.06265715840428 nan 17.873102139138773 5.659607489581629 -72.06242395857186 nan 23.38889098834388
5.660583253422454 -72.06243031831765 25.201188828079346 21.354006157452545 5.660442423129776 -72.0623489179891 21.899142496705473 20.943716808741325
5.662978093239591 -72.06230520511181 20.116718452595606 19.642414778615027 5.662925090181779 -72.062390410531 22.798050147350782 21.308112466071
5.6379421189273495 -72.06473447733265 nan nan 5.638097755482829 -72.06463197945878 19.023977075833066 20.97434735640696
5.628196757298244 -72.0656697028374 nan nan 5.628586375803903 -72.065523114204 nan nan
5.61514673280424 -72.06707882898624 20.147316266650645 19.67494089044471 5.615182256486551 -72.06713824665049 nan 23.43206634261441
5.598259502863589 -72.06874218768093 21.147971604905276 18.474109224944357 5.597659227889707 -72.06866122868124 22.06547975007303 18.99731591043747
5.651028262258797 -72.06330490641274 23.403629808438403 20.68093386899244 5.650880240289049 -72.06341098621813 21.81131216490237 19.519243626540458
5.604241440557723 -72.06806578027003 20.327745667546083 19.824611908761057 5.604786102382133 -72.06813986459113 21.510264773611688 21.42276419708252
5.575433445749352 -72.07084335286332 nan nan 5.575952035238075 -72.07090545889879 18.353250738310287 17.801029647683833
5.601514461211003 -72.0682353736488 20.307849190487595 19.575311326721028 5.601642782913046 -72.06809657633917 23.719671880356003 19.879135365461842
5.651757627619132 -72.0631843378349 20.539167344701607 19.990336622461008 5.6511580801162085 -72.06309826779898 23.237925915848976 21.901901716018443
5.597879563510066 -72.06862592290706 20.64396053763559 20.091436965772154 5.597659227889707 -72.06866122868124 22.06547975007303 18.99731591043747
5.6032779655981 -72.06806097941353 19.551904514093877 19.049934135137782 5.603321042603511 -72.06798811525528 nan nan
5.5836208687298905 -72.06991363290489 nan 17.738131469006674 5.583362437203689 -72.06992577834869 nan nan
5.572002207429709 -72.07110505864958 19.84260647559652 19.32643516080356 5.572104919559341 -72.07112607955803 20.239180050543027 nan
5.572736306735357 -72.07086784437328 nan nan 5.5726854001769475 -72.07078231626537 21.580808446364532 20.86436213360554
5.600928587083657 -72.06803054973172 nan 17.730720884823526 5.601642782913046 -72.06809657633917 23.719671880356003 19.879135365461842
5.582094438941768 -72.06977458750576 nan nan 5.5816144502179785 -72.06991089419601 nan nan
5.665916152006837 -72.06143218452928 19.315544855950428 nan 5.665316874546192 -72.06142061836566 26.770865833851413 22.68203366122569
5.559773976237104 -72.07217945745333 19.712728382398893 19.244071337762833 5.560277274699299 -72.07213415616495 16.498817004489204 18.701214448862963
5.578249230020225 -72.07031022733693 20.031951713065745 19.527649181207867 5.577593462306352 -72.07023085311052 nan nan
5.560484482138122 -72.07210194258556 19.899491427052425 19.57995508044089 5.560277274699299 -72.07213415616495 16.498817004489204 18.701214448862963
5.6327531001790385 -72.06468471746881 nan 17.918476933855274 5.632407193329437 -72.06462023434996 23.79612249999053 21.8890312084603
5.615942700267645 -72.06639205840588 20.498982202513933 19.92946476356626 5.615994171379603 -72.06644881442264 21.754081370897367 22.731268119774118
5.641204342959711 -72.06381190979049 19.339588242990814 18.905187063740616 5.640667545656567 -72.06380403522397 23.44556229596462 22.688659243347995
5.589841486252739 -72.06894693662369 nan nan 5.590321438778393 -72.06897877931337 25.708745409270495 nan
5.65476482478202 -72.06240169565899 19.37919363598423 18.61329010995565 5.654346841459766 -72.0622638913531 23.193582152263026 16.406417112437317
5.628484996415989 -72.06507543287674 19.72271538164327 19.286108693549735 5.628273995435736 -72.06505929613384 20.672908863811905 nan
5.646153550078744 -72.06321776178227 20.433024594068105 19.916975124293188 5.646528115920049 -72.06329911830923 24.020386781167996 20.211063921363905
5.6158254255635525 -72.066121958221 nan nan 5.615882924641104 -72.06623280106109 23.697745263067468 26.198575554387755
5.648494723670382 -72.06278650595335 nan 18.18674750462752 5.648278175788503 -72.06277113914354 20.975827918636956 20.76694574997495
5.601715393373946 -72.06748854763887 20.114420369832615 19.61794763362343 5.601480970958164 -72.06763884603193 22.20116643507499 22.392645671140126
5.654721530751403 -72.06210200913218 20.423590566151756 19.90768156101457 5.654346841459766 -72.0622638913531 23.193582152263026 16.406417112437317
5.64071589204885 -72.0633910366694 nan 18.041279628794694 5.639918513352327 -72.06335939517638 23.890146543824553 23.252459144847105
5.579346193481183 -72.06954712977624 nan 17.91857547540669 5.578963431509859 -72.06952892827265 18.228641274254727 17.922394516820503
5.649361478112004 -72.06239295528987 nan 17.82140017291477 5.6496396001049085 -72.06225788820029 26.4211749387355 20.012449782050172
5.655276696778533 -72.06182467312374 20.40395435130496 19.896718304663537 5.654711512232076 -72.06176877937716 22.964032150116452 19.18608987289685
5.574332613125652 -72.06999617314634 19.38172873075535 18.84230804209961 5.574155331865899 -72.07005493537264 19.13982284982697 22.691117328789915
5.662345437448689 -72.06107272645048 20.173157281384313 19.576349798394062 5.661617556844554 -72.06103729828017 nan 23.975671433753728
5.6506633408764735 -72.06211659890909 nan nan 5.650332312568723 -72.06208341152661 23.326611589354243 19.393561895482044
5.589083855784672 -72.06847024201448 19.653154116142957 19.181892249989197 5.588959393636537 -72.06847845376947 22.348907148194247 19.37501110857649
5.5604677641765665 -72.07132401829028 20.03858936655537 19.59096434261383 5.560049496335863 -72.07113778329564 25.200714154393097 24.046848828006933
5.657980525308886 -72.06145477119442 20.035975171543228 19.562717068661797 5.6576092816929 -72.06139263808177 22.047363782731345 21.550948617465977
5.655808563462119 -72.0616191403356 nan 18.460962218412448 5.6558601047354635 -72.06145146768596 22.77174144070632 17.093665979686655
