master_catalog_with_pms.ecsv
# %ECSV 1.0
# ---
# datatype:
# - {name: ra_jwst, datatype: float64}
# - {name: dec_jwst, datatype: float64}
# - {name: mag_f150w2, datatype: float64, format: .6f, description: Total aperture-corrected Vega magnitude based on the 70% encircled
#     energy circular aperture; should be used only for unresolved sources.}
# - {name: mag_f322w2, datatype: float64, format: .6f, description: Total aperture-corrected Vega magnitude based on the 70% encircled
#     energy circular aperture; should be used only for unresolved sources.}
# - {name: ra_hst, datatype: float64}
# - {name: dec_hst, datatype: float64}
# - {name: mag_f606w, datatype: float64}
# - {name: mag_f814w, datatype: float64}
# - {name: pm_ra_raw, datatype: float64}
# - {name: pm_dec_raw, datatype: float64}
# - {name: pm_ra_corr, datatype: float64}
# - {name: pm_dec_corr, datatype: float64}
# meta: !!omap
# - {date: '2025-09-19 08:56:04 UTC'}
# - version: {Python: 3.12.11, astropy: 7.1.0, gwcs: 0.25.1, jwst: 1.19.1, numpy: 2.2.6, photutils: 2.2.0, scipy: 1.16.0}
# - {localbkg_width: 0}
# - {apermask_method: correct}
# - kron_params: !!python/tuple [2.5, 1.4, 0.0]
# - aperture_params:
#     aperture_corrections: !numpy.ndarray
#       buffer: !!binary |
#         YXQ1VlFKQ2dBRURuKzdrLw==
#       dtype: float32
#       order: C
#       shape: !!python/tuple [3]
#     aperture_ee: !numpy.ndarray
#       buffer: !!binary |
#         SGdBQUFBQUFBQUF5QUFBQUFBQUFBRVlBQUFBQUFBQUE=
#       dtype: int64
#       order: C
#       shape: !!python/tuple [3]
#     aperture_radii: !numpy.ndarray
#       buffer: !!binary |
#         WkR0ZlA4UDF5RDlXRGwxQQ==
#       dtype: float32
#       order: C
#       shape: !!python/tuple [3]
#     bkg_aperture_inner_radius: 6.245
#     bkg_aperture_outer_radius: 9.474
# - {abvega_offset: 1.2345035}
# schema: astropy-2.0
ra_jwst dec_jwst mag_f150w2 mag_f322w2 ra_hst dec_hst mag_f606w mag_f814w pm_ra_raw pm_dec_raw pm_ra_corr pm_dec_corr
[from data line 294]
5.759681528636956 -72.077582359434 nan 17.90977410380897 5.759906552366879 -72.07765463923558 25.06799800503037 23.00925329889572 -19.895188427556697 20.76670549912601 -21.218273333182513 20.263298367905225
5.737559679698572 -72.07986613554829 19.39815350376866 18.85968805699492 5.736938982259841 -72.07983266040188 18.562912104410657 20.023370067518744 54.871415528735376 -9.618042341618136 53.548330623109564 -10.121449472838922
5.769268567506521 -72.0766326774976 20.635383089005682 20.08296429880217 5.769590465743131 -72.07663372809634 25.11456539663003 24.03839281686969 -28.461683955099705 0.3017719336580773 -29.78476886072552 -0.20163519756270976
5.684751346806762 -72.08524200666237 23.083778259305557 20.844715058246024 5.6852772318526394 -72.08529687968681 25.740701189163183 23.573626624270887 -46.476241925835154 15.765390667797062 -47.79932683146097 15.261983536576276
5.713457436170298 -72.0822919870947 19.92004532190907 19.356221848762836 5.713876289197744 -72.0824188869017 24.327012095497686 24.072868099494826 -37.0229486342798 36.45951251411933 -38.34603353990561 35.95610538289854
5.766117190786071 -72.07688827042368 nan 18.365823650485034 5.765676316482742 -72.07680984359325 17.95595102474755 17.51444455299805 38.980803842878025 -22.53299102384596 37.65771893725221 -23.036398155066745
5.757056936138447 -72.07783292137431 19.303873746586046 18.807079145330825 5.756790897193539 -72.07761269668062 21.499839770850052 21.803477907076783 23.521178739762632 -63.27290888354273 22.198093834136817 -63.77631601476352
5.689234073073151 -72.0847024170828 20.153300479495464 19.573270120483098 5.689719908610761 -72.08479481789264 20.934733917776242 21.344014912647577 -42.93802980197096 26.54754549097043 -44.261114707596775 26.044138359749642
5.771939825388532 -72.07624681021683 19.60524396411924 19.08059805567249 5.771609192877194 -72.07619043995957 24.273430915377205 21.96297755418125 29.234562080346393 -16.19584451324532 27.911477174720577 -16.699251644466106
5.746054938990204 -72.07889776326498 20.511039207714653 19.983233367748806 5.74586865245594 -72.07900815870553 19.031569899186962 22.50942612424599 16.469119136486956 31.717738771239752 15.14603423086114 31.214331640018965
5.764953783710312 -72.07695769262891 19.820798445533306 19.327251794892575 5.765373647183504 -72.07699459457069 20.20819646449712 20.729066197809267 -37.122949225983206 10.602184265167091 -38.44603413160902 10.098777133946305
5.737033919548264 -72.07978895127508 21.007267972335775 20.427480106455548 5.736938982259841 -72.07983266040188 18.562912104410657 20.023370067518744 8.39276075274537 12.558082490752774 7.069675847119554 12.054675359531988
5.73566325119732 -72.07985318241826 19.64692524540493 19.115826175847566 5.73512092990455 -72.07998046368458 22.976920512675342 18.741048687695955 47.94277526025978 36.56902263707628 46.61969035463397 36.06561550585549
5.772580295174599 -72.07595284964837 nan nan 5.772438366635826 -72.07603409835984 24.423878993988176 23.50947303351312 12.549535664887257 23.343589463616926 11.226450759261441 22.84018233239614
5.719057907656944 -72.08149687894256 20.087861025802777 19.301420859954533 5.719160223604546 -72.08163901062781 23.082481443897436 17.259754436565405 -9.044224120912647 40.83591146047114 -10.367309026538463 40.33250432925035
5.733773291071413 -72.08002439613844 20.615155731961337 20.08839439483357 5.734035042807386 -72.08000703932365 25.556930434635145 21.015565624995716 -23.139398830527615 -4.986844644221274 -24.46248373615343 -5.490251775442061
5.748403837029841 -72.07849725123708 20.63972729060692 19.552847465096953 5.747646531173815 -72.07853619212767 22.954089094746948 18.826169391445017 66.9529335562618 11.187703985150325 65.62984865063598 10.684296853929538
5.682522978508202 -72.08518514765336 22.659795726811723 20.150291722337265 5.682135480675405 -72.08509987569498 26.131990291510487 22.376618083489927 34.246074212309225 -24.499635343794328 32.92298930668341 -25.003042475015114
5.703192687156113 -72.08306061195842 20.346035032239676 19.737273941892635 5.703573709764432 -72.08309443023875 23.319607534486025 19.91600064307418 -33.67767271131074 9.716238956618618 -35.00075761693655 9.212831825397831
5.710449671083352 -72.08228003667327 20.546862446296686 19.834989964274257 5.710664530530074 -72.08225212422599 22.30373403318734 22.007611747473398 -18.99171038854349 -8.01957180968257 -20.314795294169304 -8.522978940903357
5.706642223080999 -72.08261956164226 nan 18.30568332345944 5.707290336309771 -72.08273601214172 18.502991253930908 18.282368759263584 -57.28653468860483 33.4571376847513 -58.609619594230644 32.95373055353051
5.756406172898777 -72.07758338312425 20.607750106447988 20.022688823178846 5.756790897193539 -72.07761269668062 21.499839770850052 21.803477907076783 -34.0149099712237 8.421982556772143 -35.337994876849514 7.918575425551356
5.717145066756539 -72.08156598025064 20.255336620483696 19.67194603395899 5.7172638163996305 -72.08151071634984 21.508898145053763 19.768103842729303 -10.496842429950796 -15.87790683070979 -11.819927335576612 -16.381313961930577
5.757276011098916 -72.07746402300704 20.171797316430606 19.700704866882752 5.757466044751489 -72.07738559282677 23.05689401092939 17.75284215613535 -16.80169229537661 -22.533837281873566 -18.124777201002427 -23.037244413094353
5.757743721089431 -72.07739046750726 22.662412704682172 21.212371324719772 5.75750094798645 -72.07737838289674 23.29640251421027 17.75284215613535 21.46469907054929 -3.472078212230933 20.141614164923475 -3.9754853434517203
5.67997475719023 -72.08528160489838 22.29798862753273 21.10015185360711 5.679775638908954 -72.08529064857842 23.17313700180455 24.438649905443874 17.59747629459233 2.5983147316994843 16.274391388966514 2.094907600478697
5.729032088819823 -72.08028050569628 20.884651020881208 20.286543527505465 5.728954165285886 -72.08027878593265 23.757140085166746 20.426846752613802 6.888507538352022 -0.4941105297014923 5.565422632726207 -0.9975176609222793
5.7002761802108335 -72.08318016268329 20.731950958462562 20.160578770564854 5.700315462962945 -72.08342755247754 25.753709982146898 21.850936158760977 -3.472085656099572 71.07767319180948 -4.795170561725387 70.5742660605887
5.744663783961848 -72.07753179338314 19.16878893609026 18.600979664064006 5.744788200272126 -72.0776783874644 26.286575968107897 22.647192834073337 -11.000140706700304 42.11800080947135 -12.32322561232612 41.61459367825056
5.747959170208027 -72.07711508261491 20.92600226119604 18.43542780706997 5.747578713754817 -72.07700058875565 23.329584226568105 22.003854769630824 33.63842425666922 -32.8953890519373 32.315339351043406 -33.39879618315809
5.726765814314158 -72.07935718734862 nan 19.12478836661817 5.726432513840283 -72.0792637053547 18.035172464449026 17.539069320417127 29.465517372659257 -26.85843574156433 28.14243246703344 -27.361842872785115
5.761607215131554 -72.07577166334968 20.40564847901776 19.903205149055687 5.762049655110789 -72.0756124308917 23.917810930237035 18.341735005675503 -39.1215933766604 -45.749293657771666 -40.44467828228621 -46.252700788992456
5.754181564627309 -72.07644146587295 nan nan 5.7544967597234615 -72.0763964328296 24.65731306060725 23.619040930970503 -27.86929144898066 -12.938537109502974 -29.192376354606477 -13.44194424072376
5.723810277016471 -72.07941063248309 nan nan 5.724045822747064 -72.07944425846829 20.807780845252253 21.715213172406088 -20.82342312524105 9.661056373914981 -22.146508030866865 9.157649242694195
5.700491238220864 -72.08188827431051 19.280633143915146 18.77453508967291 5.700826728717436 -72.08192624704323 22.56608980648896 22.507273401765527 -29.65507537346416 10.909880498474031 -30.978160279089977 10.406473367253245
5.751390076801743 -72.07663248195347 nan 17.914383216515233 5.752191226652229 -72.07659707695514 25.798200398074687 23.974596445424666 -70.83628143466066 -10.172697384289595 -72.15936634028648 -10.676104515510382
5.714814358364074 -72.08032891869341 nan nan 5.714586559484589 -72.08041792582532 25.60840864788498 23.482289272009233 20.137564596965408 25.57264146508914 18.814479691339592 25.069234333868355
5.708026631124102 -72.08108092694037 20.62990667682667 20.101448130247903 5.707632079965897 -72.08114758552112 23.249013791274717 21.211217999195902 34.877155528679076 19.151592896615472 33.55407062305326 18.648185765394686
5.7734251779915295 -72.07437423239702 20.065175907043134 19.60894557004716 5.773088242805847 -72.07450910032131 20.08645235646124 18.631588740582057 29.794855498072558 38.748881324405644 28.47177059244674 38.245474193184855
5.707132171374915 -72.08111284559911 20.13912936807101 19.687859285465244 5.707632079965897 -72.08114758552112 23.249013791274717 21.211217999195902 -44.19036486108762 9.980959365710781 -45.513449766713435 9.477552234489995
5.729998014561498 -72.07871909332397 21.018874187857 18.32433065149752 5.730205762193519 -72.07885857644143 19.94063819861696 18.75984181185454 -18.36661734935227 40.07492624908692 -19.689702254978087 39.57151911786613
5.767905537699337 -72.0748492236139 nan 18.14874671570681 5.767547341878443 -72.07493330998821 23.424289059373066 22.32862568435261 31.674101335822503 24.15880025636618 30.351016430196687 23.655393125145395
5.754663510546971 -72.07624133541503 20.62955133878802 20.056793241167398 5.7544967597234615 -72.0763964328296 24.65731306060725 23.619040930970503 14.74413003810159 44.5610883158107 13.421045132475774 44.05768118458991
5.759039134631513 -72.07573234923221 19.62992617945617 19.152189625222746 5.758858336066074 -72.0758648442041 18.737678772007246 23.65551702842341 15.986672310634292 38.06716665082143 14.663587405008476 37.56375951960064
5.752775525016306 -72.07630737352636 19.245798541056146 18.715614087107063 5.752498044293829 -72.0762706580951 22.939640870685004 20.923006636689898 24.534795034125466 -10.548783783549906 23.21171012849965 -11.052190914770692
5.698309077967557 -72.08174685457097 nan nan 5.698194583925753 -72.08183948948314 22.61514502594082 18.5803945488708 10.120570902451483 26.614969138290853 8.797485996825667 26.111562007070066
5.7266359742250215 -72.07895067138305 20.329749072099997 19.8220979567281 5.7259822699558525 -72.07887359161076 18.41338344492271 21.732863685560837 57.792168342019416 -22.14613813223301 56.4690834363936 -22.649545263453795
5.700848841219233 -72.08156878594059 20.859695014618133 20.33029758696837 5.7009768357016295 -72.0816104720017 20.109216327190666 20.541830245023327 -11.31403577823176 11.976829157478086 -12.637120683857576 11.4734220262573
5.743515495394116 -72.07708356377496 nan nan 5.7437090823191665 -72.07716119121078 22.796939874303767 21.491491520212982 -17.11620379891743 22.303146385879238 -18.439288704543245 21.79973925465845
5.725832166458286 -72.07894782643933 22.78226325950963 20.60075430893663 5.7259822699558525 -72.07887359161076 18.41338344492271 21.732863685560837 -13.27023295382259 -21.328458909320293 -14.593317859448407 -21.83186604054108
5.767229066955477 -72.07474000462179 21.042514034337707 20.49362266049657 5.767547341878443 -72.07493330998821 23.424289059373066 22.32862568435261 -28.14419092720669 55.53857838931759 -29.467275832832506 55.0351712580968
5.708614361985088 -72.08058147806805 nan 18.13538005409727 5.708199001331439 -72.08040824114505 23.650659273728685 17.098353592151753 36.717643189584635 -49.77290578793013 35.39455828395882 -50.27631291915092
5.711262750149835 -72.08036813407764 19.653551872307762 19.151403756536595 5.711311027335876 -72.080249351496 16.42371172869944 19.016948448983072 -4.267724660360048 -34.12747927749818 -5.590809565985863 -34.63088640871897
5.735208974346183 -72.07792491537334 19.263603174272504 18.78305663759521 5.735609947405984 -72.07780173509103 22.282135417456402 22.58555410095625 -35.45087052145592 -35.39110097683186 -36.77395542708173 -35.89450810805265
5.732997185441755 -72.07815840223928 19.71627820473129 19.202669062419325 5.7332906544098226 -72.07828875838501 17.892814486952286 21.149705990330936 -25.945881011322594 37.45262030699029 -27.26896591694841 36.9492131757695
5.710487434406194 -72.08039553705359 nan 17.990423017235937 5.710223900320792 -72.08041600661488 nan nan 23.296495569447956 5.881067986145064 21.97341066382214 5.377660854924277
5.721700786003086 -72.07925355660198 nan nan 5.7217774969447115 -72.07924719114219 18.43740924701445 20.354987090210262 -6.781689200683896 -1.8288674718769604 -8.104774106309712 -2.3322746030977477
5.690701894548258 -72.08243187250699 19.74162648859892 19.27814092868605 5.690261094281896 -72.08225848960453 23.88733187158161 20.268372414930308 38.962598620794424 -49.81486318838268 37.63951371516861 -50.31827031960347
5.728648844023695 -72.07855592107146 20.06316028285758 19.528611407864766 5.729293987664522 -72.07865684882249 23.17569019103162 21.898550859660972 -57.036562187981595 28.99729253021921 -58.35964709360741 28.493885398998422
5.740951526705673 -72.0773068202834 20.973379698598364 20.36749761732886 5.741466832780574 -72.07729238517454 23.739950762790873 22.282259468391537 -45.56081221744892 -4.1475526302178265 -46.88389712307473 -4.650959761438614
5.709446863427876 -72.08045436711373 nan 17.893858379975335 5.710223900320792 -72.08041600661488 nan nan -68.69008624616211 -11.021815561710042 -70.01317115178793 -11.525222692930829
5.745337655608778 -72.07678563350788 22.10305039124789 19.371867918380747 5.744871154003989 -72.07669151841525 17.72634103473602 17.21473668839318 41.24692259604186 -27.04040984614674 39.92383769041605 -27.543816977367527
5.767007109642269 -72.0745925827061 19.213134947511264 18.673746315450863 5.766811599848293 -72.07442958058222 23.49720389453037 21.969732585564522 17.288539997625346 -46.83224242815671 15.96545509199953 -47.3356495593775
5.754537577014397 -72.07583304161489 nan nan 5.753790874512216 -72.07585172898295 21.79588353087692 22.87305655705284 66.02498935253983 5.368666866861291 64.70190444691401 4.865259735640504
5.734401836125205 -72.07795472297157 20.789526635477216 20.200685650345562 5.734675307106216 -72.0779932151192 19.495725816959 17.168948186239774 -24.178104998570063 11.05914154443682 -25.50118990419588 10.555734413216033
5.749704418377627 -72.07637445024258 22.06956333433072 20.504960620467845 5.750118483216927 -72.07648378604314 18.8492942287493 22.488446907755478 -36.611405299336994 31.413192725398577 -37.934490204962806 30.90978559417779
5.738965953606334 -72.07742875075633 nan 18.351472458390283 5.738281984912777 -72.07742922503022 22.55514216925783 17.631139168926836 60.47272811700128 0.13592041703929383 59.14964321137547 -0.36748671418149326
5.699791886935945 -72.08131866426756 nan nan 5.699484228010829 -72.08135117299001 18.716511763688196 20.852176828626952 27.195790120363284 9.340026362492763 25.87270521473747 8.836619231271976
5.711484145183165 -72.08016521339795 19.29077460800999 18.783556094918836 5.711574905100114 -72.08022394154575 23.289322777059773 18.98258396272091 -8.023304781884594 16.87320481607738 -9.34638968751041 16.369797684856593
5.689044891436481 -72.08239786802453 20.42370270736921 19.88951959014434 5.689179618460422 -72.08248624820683 23.379970412968024 19.821606965699267 -11.908623905774528 25.392537060008888 -13.231708811400344 24.8891299287881
5.735861825374579 -72.07757903932607 nan 18.279660794278545 5.736372262487589 -72.07742143548091 22.55688345191932 18.361769935099986 -45.12965974765575 -45.281423719125016 -46.45274465328156 -45.784830850345806
5.74088906567874 -72.0770740573087 19.949601242641535 19.4888848562845 5.7402234651727575 -72.0772143058898 26.619286477526195 22.8701294189223 58.84984098392809 40.29455839087429 57.52675607830228 39.7911512596535
