master_catalog_combined.ecsv
# %ECSV 1.0
# ---
# datatype:
# - {name: ra_jwst, datatype: float64}
# - {name: dec_jwst, datatype: float64}
# - {name: mag_f150w2, datatype: float64, format: .6f, description: Total aperture-corrected Vega magnitude based on the 70% encircled
#     energy circular aperture; should be used only for unresolved sources.}
# - {name: mag_f322w2, datatype: float64, format: .6f, description: Total aperture-corrected Vega magnitude based on the 70% encircled
#     energy circular aperture; should be used only for unresolved sources.}
# - {name: ra_hst, datatype: float64}
# - {name: dec_hst, datatype: float64}
# - {name: mag_f606w, datatype: float64}
# - {name: mag_f814w, datatype: float64}
# meta: !!omap
# - {date: '2025-09-19 08:56:04 UTC'}
# - version: {Python: 3.12.11, astropy: 7.1.0, gwcs: 0.25.1, jwst: 1.19.1, numpy: 2.2.6, photutils: 2.2.0, scipy: 1.16.0}
# - {localbkg_width: 0}
# - {apermask_method: correct}
# - kron_params: !!python/tuple [2.5, 1.4, 0.0]
# - aperture_params:
#     aperture_corrections: !numpy.ndarray
#       buffer: !!binary |
#         YXQ1VlFKQ2dBRURuKzdrLw==
#       dtype: float32
#       order: C
#       shape: !!python/tuple [3]
#     aperture_ee: !numpy.ndarray
#       buffer: !!binary |
#         SGdBQUFBQUFBQUF5QUFBQUFBQUFBRVlBQUFBQUFBQUE=
#       dtype: int64
#       order: C
#       shape: !!python/tuple [3]
#     aperture_radii: !numpy.ndarray
#       buffer: !!binary |
#         WkR0ZlA4UDF5RDlXRGwxQQ==
#       dtype: float32
#       order: C
#       shape: !!python/tuple [3]
#     bkg_aperture_inner_radius: 6.245
#     bkg_aperture_outer_radius: 9.474
# - {abvega_offset: 1.2345035}
# schema: astropy-2.0
ra_jwst dec_jwst mag_f150w2 mag_f322w2 ra_hst dec_hst mag_f606w mag_f814w
[from data line 1128]
5.719178888345494 -72.06388567495166 21.388465443174276 20.881547581190638 5.7196048852877475 -72.06399103409788 22.16229457357192 20.266567197355275
5.712700440341995 -72.06439349087994 21.503307601373272 18.480550510188145 5.7122770801469445 -72.06420470293781 20.772492827812695 17.763973356934045
5.680349965887616 -72.06772996982957 20.467972140961308 19.94772211752657 5.680693259295217 -72.06789618160772 17.98287301981995 21.51452279765739
5.736505680736744 -72.0619452825233 nan 18.19987257056902 5.737309854565273 -72.0619266869048 21.808913381178506 22.88312589018072
5.700582172471374 -72.06564110111611 20.17108963644447 19.690691611615016 5.7001272123722035 -72.06559383183362 23.132749142198797 22.460214199946687
5.755168211469366 -72.05998864146132 19.385237114447726 18.7560746621608 5.755663952932171 -72.05987183893572 22.059702467865748 21.164717281279472
5.693889978191665 -72.06627263468637 19.711819837828916 19.188446299609137 5.693740867855349 -72.06630447218589 24.746736895217133 nan
5.734423692755481 -72.0621096521882 nan 18.155164883120904 5.733962123007186 -72.06208207474906 23.976002033701093 20.800445477064585
5.682416395462083 -72.06735559174803 19.097080490530892 18.579025091007395 5.683078408034185 -72.06746655840138 19.043194085017287 17.053992151897937
5.7204515769425 -72.06349648944007 19.962241909418616 19.431831913862396 5.720886112147205 -72.06332038800679 18.3749589348813 18.357210313504375
5.696117684340209 -72.06594199566247 19.022479852209887 18.457586058767788 5.696506391926603 -72.06595781030867 23.92472268616886 21.067147789896033
5.683221362388931 -72.06723248281659 19.176779391574566 18.583246182476586 5.683078408034185 -72.06746655840138 19.043194085017287 17.053992151897937
5.73755491676385 -72.06157174414841 20.86129846640938 20.37319170039543 5.737415435331361 -72.06171007725857 17.44920313382645 15.761921839459074
5.699777056313305 -72.06539556053067 20.644571129327055 20.119738419342582 5.700272197446652 -72.06537392618796 23.08371542198851 20.608960528562104
5.677099475195072 -72.06764553635186 nan 17.94084192468788 5.677370482159093 -72.06755938502423 22.825194895038134 26.085322590751282
5.678952367251395 -72.06749596677244 20.842667300232222 20.322624951452106 5.6784101809004115 -72.06750500921193 21.50071288145582 20.61089433128378
5.6990105215686935 -72.06542208725014 19.183859456582425 18.708875497349467 5.698992914045507 -72.0655027660376 22.711094690532285 16.245384087665304
5.691685392718834 -72.06607517501449 nan 18.464611317262914 5.691254105671307 -72.06599543525465 nan nan
5.697672705410441 -72.06549049429623 19.138919475188267 18.611761084539747 5.698072819219033 -72.06551791089188 26.39939770796907 22.271438952595133
5.744384874532143 -72.0606789898817 nan 18.240300005027855 5.744319319875116 -72.06075668990474 24.696168462857266 22.71848114787718
5.725768124143287 -72.06258752524222 19.66722029988437 19.165965592644476 5.725172493051986 -72.06242390981963 22.73379709505637 17.35615830258957
5.721851975932936 -72.06282740328936 nan nan 5.7221719848012675 -72.06272866658047 25.14288124236724 24.78626555296691
5.7411032190684645 -72.06084821323695 nan nan 5.740721476140558 -72.06075137278117 21.73587811906059 22.977768427503626
5.745152286956094 -72.06043398167611 nan nan 5.744652185960273 -72.06032972528173 25.011243634284575 22.177848996799
5.753391806107445 -72.05961048444114 20.428997021148028 19.921408980183834 5.7531824769503075 -72.05981813628743 18.79658105361868 17.056011079219033
5.582593406764518 -72.07694413773427 22.60902785053014 20.11860946147577 5.581994749170524 -72.07685382298365 nan nan
5.675865619295722 -72.06743911591857 nan 18.062980845654856 5.67525573847438 -72.06751862221753 25.177410097588204 22.124932259431027
5.712170473349314 -72.06377884022956 20.487388452456308 19.975384169827585 5.71240445685034 -72.06386218339442 17.970748570484496 20.84226524677501
5.712818935705609 -72.06370582364282 20.3798037411705 19.89856117993568 5.71240445685034 -72.06386218339442 17.970748570484496 20.84226524677501
5.7481554581430245 -72.06009060565476 19.74838166125582 19.292480627183004 5.74859087279737 -72.06011350826272 24.522232780763026 22.670693448097023
5.678175739160141 -72.0671975724391 19.084968185530848 18.527806452357925 5.678089711263406 -72.06716673210958 23.339673767226135 21.97866693857283
5.7304761706850496 -72.06186607811753 19.21399507813781 18.72397958275431 5.730110504659519 -72.06193146021592 25.761724144373684 23.16936183212383
5.683914475117038 -72.06661432173568 20.911220776632405 20.382598451340666 5.6835170432616335 -72.06672658558193 23.05847201264702 22.655669238480105
5.739267586433467 -72.06097281366385 20.63664841116414 20.019579043113445 5.738806587587876 -72.06110394435407 21.22768140423902 19.60296074215699
5.738369214945392 -72.06105677022083 20.30707217050685 19.74927836392869 5.738806587587876 -72.06110394435407 21.22768140423902 19.60296074215699
5.693355232753271 -72.06555045563115 19.9433994157437 18.900019977924867 5.693907459469801 -72.06539626223024 22.902279139015295 nan
5.711350934833149 -72.06373795713863 20.681296834579378 20.20318586842972 5.711374544883882 -72.06375755932673 23.09821398854939 18.845358261098095
5.710391752806726 -72.06380846802696 19.95831717817481 19.485442210305827 5.710739427749049 -72.06366032993236 20.63142027314663 19.43628389593347
5.732396300316062 -72.06151043554691 nan 18.120287664678933 5.732944111430812 -72.06140474078005 22.89832123238685 21.97913317005783
5.720242592415106 -72.06280159968934 20.777704981878678 20.258582040519062 5.720577955854115 -72.06274937088438 25.646540807379786 25.52478652684791
5.674802601675099 -72.06739080426695 20.785554162353417 20.216366648215796 5.674915353153156 -72.0674503713972 nan 22.18756199770225
5.684945657275428 -72.06633715204771 20.761695078728394 20.232998401691425 5.6849178091824655 -72.0664971075287 18.269670198850065 17.739712777029858
5.642969606418789 -72.0705598730292 21.50754738150753 20.58754800630963 5.642608908405649 -72.07038255095124 22.721583563444707 18.947524345849573
5.699052025835778 -72.06484805586946 19.464290466997298 18.98768641356569 5.698861604376018 -72.06494716891464 25.254844424860302 20.954140035349766
5.708363967916721 -72.06389556324346 20.403609546309056 19.814059205709043 5.707827049387595 -72.06378137484401 20.60668967495093 18.517272676261832
5.71049712900093 -72.063641782176 21.022276172001234 20.21491620737269 5.710739427749049 -72.06366032993236 20.63142027314663 19.43628389593347
5.746836770012621 -72.05994369314928 20.20941729672864 19.82345603724729 5.746183482561448 -72.0598747477756 21.51345967210345 17.60770188353806
5.7382796702350545 -72.06077154306864 19.695122051213993 19.23057126611587 5.738064850079879 -72.06077358691049 24.429181115260842 23.794575071547364
5.6768617197863245 -72.06700194960891 18.906385687604548 18.355681079797613 5.677080476088247 -72.0670528076305 19.982267699483806 22.50955231798044
5.743792108399119 -72.06006092464794 21.83435586646287 19.490376611375204 5.74365225785111 -72.05996918318647 18.822534893326733 21.064206007444323
5.680165637765367 -72.06664293246772 20.021281629866728 19.537595965800108 5.680496142257969 -72.06662050020942 17.510595415029563 16.913406013025067
5.68879312232594 -72.06570652913962 nan 18.1344995497335 5.6889896502612 -72.06560817080518 26.27593444941583 23.80937859098371
5.733694153474334 -72.0611682580721 21.285765261178597 20.645614497051845 5.733586831299525 -72.06097804915133 20.841364467922237 20.23783768960387
5.700730701855663 -72.06443210621647 nan nan 5.70036161009691 -72.06437656088282 21.22737776775896 18.755714748978804
5.745949336558567 -72.05987525899799 19.924249911882693 19.519863488573275 5.746183482561448 -72.0598747477756 21.51345967210345 17.60770188353806
5.692874823410078 -72.06526091069428 20.315931960974634 19.746550810125747 5.692455595500172 -72.06522259012127 26.628394087303942 nan
5.714160141709448 -72.0630276233836 nan 17.874835861422802 5.713991606650959 -72.0631378040738 23.220833748753808 17.45822810070594
5.719771659272215 -72.06244007901626 19.348327546797805 18.882566304940063 5.719592549331938 -72.06220372956882 23.05919772239195 19.332656883945496
5.697509059163265 -72.0647150821059 20.580811763917545 20.09224074411013 5.697900462068641 -72.06481872974656 25.6801816355238 23.17726321025882
5.735001110922936 -72.0608085387748 19.819258239562952 19.38106256406075 5.735154927228464 -72.0607410647489 20.586241803279265 19.904934254879393
5.733108640365854 -72.06096900125956 nan 18.26013637388948 5.733586831299525 -72.06097804915133 20.841364467922237 20.23783768960387
5.679295077826665 -72.0664006988789 nan 17.94963573382697 5.678720906844226 -72.06643030080748 22.181470338398714 17.84683969908718
5.6874754941881935 -72.06558532397541 19.10958128711556 18.5691304379503 5.687033943632458 -72.0655571404376 21.942845527617006 21.910958417060087
5.688439439109191 -72.06549383820615 20.358428570103975 20.00272299217204 5.688557834584972 -72.0652958067446 19.817645624037382 18.43263768022494
5.685179193829244 -72.06573025933665 20.589566226544676 20.061126053561967 5.685313847595222 -72.06579640905505 21.61375804498396 21.08589306524871
5.712286239103644 -72.06288294875522 22.0255072462743 19.156367279783986 5.712299600608114 -72.06295915097152 23.396744791649525 19.98964521507461
5.697637366391322 -72.06445967748405 19.177054233318245 18.500112910212046 5.697544328491521 -72.06436786205825 21.141815024809894 19.828503405125392
5.731035643351847 -72.06103946862824 19.341057161497154 18.878610788367023 5.730463121331763 -72.06097457083551 22.861603327265854 21.56261209595298
5.713586724588146 -72.06272239180369 nan 18.001614838753227 5.713892247919585 -72.06281605138227 19.625318584193298 20.84207900539227
5.7428710645378125 -72.05980841998567 20.83251817490924 20.271386217527393 5.742926115382088 -72.05980125320029 18.988093845672672 18.487207773214923
5.718575162209778 -72.06222444783037 nan 18.093231099061775 5.718011203994498 -72.06224268505984 25.880103295590455 23.640393078964813
5.7064564368946415 -72.0635064173537 20.90295464191351 20.34186933445178 5.706568202813189 -72.06359770688852 23.461477881152128 23.585397496294977
5.69484759581039 -72.0646375632499 19.31757556738074 18.83274098701684 5.69471085615836 -72.06462780066173 21.567937025414235 21.351974995320102
5.687578963182911 -72.06527786408795 23.835393995497554 19.208672903355556 5.687295389701334 -72.06536204311303 22.334630434026753 20.209461060009815
5.746780879670184 -72.05918019342072 nan 18.16885484311652 5.747316346593223 -72.05924868298034 23.24707984582528 17.85183033560802
5.681700658691506 -72.0658361322716 21.55475681399642 nan 5.681244108889633 -72.06582670179282 23.88873143828136 22.63197693483838
5.586681259940461 -72.07549517736217 20.844767834271224 20.377349532078664 5.586666250392536 -72.07541811330584 23.29256321624389 21.46840852103748
5.724118386408644 -72.06154912991038 20.69108863649683 20.170012840577645 5.724036049805711 -72.06165384352089 21.912416484243142 23.05888978497594
5.697604792966981 -72.06415302974845 19.83987085427551 19.320824780463415 5.69756740337779 -72.0641301099906 23.50876503385217 19.548016081047017
5.69508590301133 -72.06440287201382 20.982027953114656 20.44359958230907 5.695028787984405 -72.06429710672673 22.23005915612553 21.220632711189467
5.73870166457615 -72.05989932341345 nan 18.405083235734267 5.738034762262235 -72.05992696970506 25.502492058314726 23.658749395111045
5.716237249979189 -72.0621289095423 nan 17.79730304781895 5.716149026258078 -72.0623350866897 22.12798849967627 19.765073871529125
5.680893432990944 -72.0657613115542 19.370189209886576 18.8999571832682 5.680899087244043 -72.06576968281225 24.24685209546568 22.86016427914818
5.679792397053591 -72.06588616655284 20.39964790193459 19.875146078531785 5.679439611208407 -72.06573555688693 23.58928435201806 20.450995334865155
5.711848198344831 -72.06253327372089 nan nan 5.712177195370457 -72.06248588921906 23.121352451460993 17.46540989104813
5.7235777878198055 -72.06132839488998 20.019157050579153 nan 5.722849495014332 -72.0614109156982 23.235571709171058 20.981667479265624
5.679837194002931 -72.06569046914778 19.443044297987303 nan 5.679439611208407 -72.06573555688693 23.58928435201806 20.450995334865155
5.670958008089935 -72.06630694400887 20.651924412309434 20.05334846873275 5.670941950035965 -72.06642606952624 25.647867805354586 18.718975254575575
5.670275067179432 -72.06630523050093 19.995296247887353 19.52562596362064 5.670040942306764 -72.06646637234874 nan nan
5.618910450861103 -72.07151421267818 23.107209702005655 20.688407447728437 5.618595033737285 -72.0715829934862 23.328544456055592 19.255462634736293
5.575500434136603 -72.07588043479296 22.328055603564366 20.12088531411505 5.575676392117073 -72.0758441149259 20.545182122866883 21.377339586124098
5.602906214226952 -72.07295669541973 22.26731562563174 21.02298423076432 5.602543761702993 -72.07288062078099 20.965126808642655 23.84780250010246
5.658738771404829 -72.06711017003123 22.998642548310457 20.084868498883353 5.65898412762305 -72.06688324212281 25.92021341951368 22.529603759312124
5.647527846573589 -72.06805719939372 23.946357093638404 19.092022118518152 5.6469913908282265 -72.06814288649483 23.63091870758953 23.916128375629487
5.647007226119632 -72.06800159887847 22.615732098578647 19.638733410412648 5.6466834247427595 -72.06792960676056 nan 24.21429369563921
5.654045984477147 -72.06726885955246 23.314497698296286 18.857867650117704 5.6543614867666445 -72.06717816143771 18.551511929971877 19.612545188770362
5.6629814278587665 -72.06604732253625 22.231791925284476 19.245720966197997 5.663033491875725 -72.06586554606304 nan 24.020546761349888
5.665158862753172 -72.06574346029869 20.52410421755264 19.750150955877466 5.6649772218334356 -72.06565914273459 19.52832227974833 19.216859985318667
5.660065088337201 -72.06626418874067 20.986073809194444 20.44000426717045 5.659971345053887 -72.06646756331317 23.984164547878166 22.273280193275635
5.590891269182948 -72.07319736684005 22.312449350582902 19.574296984509786 5.590858825237216 -72.07340198131746 nan 22.286250013417096
5.664416007436318 -72.06570335002657 22.617511550616314 20.212894872087908 5.664389192601668 -72.06567769717066 23.581590222736303 20.2574670732793
5.63671756941228 -72.06846525622608 nan 18.308602373798102 5.636554485093733 -72.06849460805836 25.67853385833532 18.837248562447062
5.656421392019267 -72.06644631245858 nan 17.88936495700407 5.656062157257905 -72.06645644117698 25.359490809825527 22.308773660567653
5.621840669812054 -72.0699466532085 20.48934201596444 19.91838844111563 5.622225639328887 -72.06987065538333 25.028623243671255 nan
5.603226846373342 -72.0717819526385 19.35002173310884 18.855867261762974 5.6027405229188165 -72.07193260342353 nan nan
5.668806063214268 -72.0650458498258 nan 17.931585853304952 5.6685476486622415 -72.06517258887985 23.461561046294243 21.252789842308072
5.639642554119153 -72.06802777513677 19.986592443647524 19.55037303999581 5.640032305010831 -72.06785541907834 19.237503791683473 19.067266856907032
5.6071384475048465 -72.0712953046497 nan 18.507370975503388 5.606975602829772 -72.07127689381248 nan nan
5.628811394235336 -72.06909168917866 nan 18.52146290654425 5.629265184055443 -72.06898745935561 21.633961905324284 20.21299697955485
5.6587913593045585 -72.06602160688841 20.6016472666334 20.136437481071773 5.658565104015979 -72.06624425218915 22.613117234067985 21.55457708612628
5.6204501022076725 -72.0699056446231 20.42368861552187 19.92094571014036 5.620330582563436 -72.06987995426469 20.8383495865303 22.40591058493416
5.661147660474471 -72.06565407387198 nan nan 5.6615403206759005 -72.0656985903883 22.621445987499527 22.121578288448035
