master_catalog_with_pms.ecsv
# %ECSV 1.0
# ---
# datatype:
# - {name: ra_jwst, datatype: float64}
# - {name: dec_jwst, datatype: float64}
# - {name: mag_f150w2, datatype: float64, format: .6f, description: Total aperture-corrected Vega magnitude based on the 70% encircled
#     energy circular aperture; should be used only for unresolved sources.}
# - {name: mag_f322w2, datatype: float64, format: .6f, description: Total aperture-corrected Vega magnitude based on the 70% encircled
#     energy circular aperture; should be used only for unresolved sources.}
# - {name: ra_hst, datatype: float64}
# - {name: dec_hst, datatype: float64}
# - {name: mag_f606w, datatype: float64}
# - {name: mag_f814w, datatype: float64}
# - {name: pm_ra_raw, datatype: float64}
# - {name: pm_dec_raw, datatype: float64}
# - {name: pm_ra_corr, datatype: float64}
# - {name: pm_dec_corr, datatype: float64}
# meta: !!omap
# - {date: '2025-09-19 08:56:04 UTC'}
# - version: {Python: 3.12.11, astropy: 7.1.0, gwcs: 0.25.1, jwst: 1.19.1, numpy: 2.2.6, photutils: 2.2.0, scipy: 1.16.0}
# - {localbkg_width: 0}
# - {apermask_method: correct}
# - kron_params: !!python/tuple [2.5, 1.4, 0.0]
# - aperture_params:
#     aperture_corrections: !numpy.ndarray
#       buffer: !!binary |
#         YXQ1VlFKQ2dBRURuKzdrLw==
#       dtype: float32
#       order: C
#       shape: !!python/tuple [3]
#     aperture_ee: !numpy.ndarray
#       buffer: !!binary |
#         SGdBQUFBQUFBQUF5QUFBQUFBQUFBRVlBQUFBQUFBQUE=
#       dtype: int64
#       order: C
#       shape: !!python/tuple [3]
#     aperture_radii: !numpy.ndarray
#       buffer: !!binary |
#         WkR0ZlA4UDF5RDlXRGwxQQ==
#       dtype: float32
#       order: C
#       shape: !!python/tuple [3]
#     bkg_aperture_inner_radius: 6.245
#     bkg_aperture_outer_radius: 9.474
# - {abvega_offset: 1.2345035}
# schema: astropy-2.0
ra_jwst dec_jwst mag_f150w2 mag_f322w2 ra_hst dec_hst mag_f606w mag_f814w pm_ra_raw pm_dec_raw pm_ra_corr pm_dec_corr
[from data line 74]
5.730742204335844 -72.08712880088974 19.671160649084605 19.14499517810801 5.730800514866628 -72.0870348464695 23.912033825161206 22.768484384534354 -5.152795826985776 -26.994089712699367 -6.475880732611591 -27.497496843920153
5.717420831358962 -72.08845094828614 19.90552519080324 19.396985120762153 5.717302397806306 -72.08853838282336 19.97738201500608 20.621823266155896 10.465011065992728 25.12084636983923 9.141926160366912 24.617439238618445
5.702802936452025 -72.08977069260462 nan nan 5.703153117211011 -72.08968969830934 17.739183724893174 23.081591429510294 -30.940424174697014 -23.27059779156976 -32.26350908032283 -23.774004922790546
5.700176173361005 -72.0901477988619 nan 18.090478540486508 5.700390744332749 -72.09003652818326 22.6788619077916 20.114014189312954 -18.958156637892547 -31.96926307814888 -20.281241543518362 -32.47267020936967
5.695086180606217 -72.09059987033572 22.638137194333154 18.87419721573616 5.694990562989563 -72.0905192905685 19.9131898919017 19.10064995144182 8.447971701782668 -23.15141628758771 7.124886796156853 -23.654823418808498
5.693497758543586 -72.09067330825383 21.331144813170795 20.469070930615647 5.693498747133335 -72.0907580556491 22.044078329946363 19.066643625381516 -0.08734315658660673 24.34881269279769 -1.410428062212422 23.845405561576904
5.720139746548649 -72.0879775362635 19.722966545196222 19.16228470219359 5.720125238361907 -72.0880880240311 25.022314162764392 22.261590551427446 1.2820033910370623 31.744290614880473 -0.041081514588752865 31.240883483659687
5.717456642236986 -72.08823109014384 20.162199914283406 19.631267158513168 5.7176091342726405 -72.08817039728488 23.25762091024026 21.854123131500543 -13.474642545020277 -17.437709975778628 -14.797727450646093 -17.941117106999414
5.7185295281032085 -72.08805701856444 nan 18.101460003156234 5.718949057164689 -72.08797030710186 20.52324409482967 21.58262896734966 -37.07116406843527 -24.91323890326317 -38.394248974061085 -25.416646034483957
5.701097824371293 -72.08979118907031 20.992793314893255 19.321667770378774 5.700552789203615 -72.08986060231773 18.8415140357345 18.48346605888947 48.15684522268725 19.942933744767245 46.83376031706144 19.43952661354646
5.675256761891802 -72.09242017399801 22.84033497474077 20.130546178083954 5.675405464549779 -72.09259018294546 25.086485438272522 24.394067925321927 -13.136829718529665 48.845331810802264 -14.45991462415548 48.341924679581474
5.718921995780402 -72.08777297332982 nan nan 5.718949057164689 -72.08797030710186 20.52324409482967 21.58262896734966 -2.3912822596583707 56.69605527603461 -3.7143671652841856 56.19264814481382
5.721154950538965 -72.08772389403397 20.5668431536231 20.014826732997616 5.72175958257904 -72.08781487274281 22.630918476758584 20.830085818052062 -53.428519770012336 26.138865976604784 -54.75160467563815 25.635458845383997
5.70427986735751 -72.08933188945431 nan nan 5.704048767014305 -72.08932326971326 24.6551279426982 22.27197711879819 20.419488798958042 -2.47658090645172 19.096403893332226 -2.9799880376725074
5.707665521073425 -72.08907256614252 19.677815319571735 19.136553031938274 5.707951667462622 -72.08897132531864 24.281606668175012 23.566567944115192 -25.28358345440714 -29.0876072406142 -26.606668360032955 -29.591014371834987
5.706574782468589 -72.08915092589831 20.271453927422492 19.674947042789007 5.706955837123459 -72.08896508054501 22.57128592116047 23.285840734310565 -33.669432017901094 -53.395419534366305 -34.99251692352691 -53.898826665587094
5.7174581485871085 -72.08801128938528 20.73955556194248 20.191062284920935 5.71756363074154 -72.08808048034388 23.371348529400407 21.835858429542437 -9.32082248990881 19.879277627073858 -10.643907395534626 19.37587049585307
5.695825156830983 -72.09001559859033 nan nan 5.695506061995569 -72.08993053049639 22.990508530910013 20.675742708906263 28.193436470300153 -24.441027472143716 26.870351564674337 -24.944434603364503
5.705968140461066 -72.08901318080635 nan 17.936009586771764 5.706236626642643 -72.08889014123211 23.76428418264332 21.389108763639964 -23.723222813287205 -35.350608933817895 -25.04630771891302 -35.854016065038685
5.717762546816852 -72.08783060200236 19.177099149947153 18.532310355419895 5.717886543851278 -72.08790562789024 24.112914963189723 21.474125643198693 -10.956977789719721 21.55571069778409 -12.280062695345537 21.052303566563303
5.705044401423725 -72.08903226295631 21.646511007193133 19.39317571295139 5.705088100818755 -72.08919933838314 24.576164014388045 20.457565805447523 -3.86123938391544 48.00251548410853 -5.184324289541255 47.49910835288774
5.688605518666572 -72.09071731687587 23.01416181759712 21.48645892637841 5.688017582649626 -72.09085824184741 22.18298725700825 21.257760493362 51.94477234797609 40.488964086011016 50.62168744235028 39.985556954790226
5.712039488662132 -72.08832223620503 20.824588435154105 20.28677634985452 5.712341020327622 -72.08844419008837 20.582798587788307 23.99092508567499 -26.64408925276639 35.03855898952803 -27.967174158392204 34.53515185830724
5.689391857060087 -72.09048385892702 22.725686608649774 20.023473044171276 5.6896109706198805 -72.09041993745109 21.578003860738328 17.003992301539817 -19.35916011274712 -18.365343552283967 -20.682245018372935 -18.868750683504754
5.721176764137581 -72.08718357512403 20.15259400946983 19.5718741161596 5.721622376085338 -72.08734026931454 21.36023363126361 20.37179308398865 -39.37780302410902 45.019733447982084 -40.70088792973483 44.516326316761294
5.696120026616203 -72.08969472139218 19.70329423834106 19.10790829110011 5.695863412974378 -72.08951686654534 21.653575892359388 19.856835796156545 22.673340259512866 -51.09960526589366 21.35025535388705 -51.60301239711445
5.696599859915196 -72.08958746413487 20.93084107414925 20.415053290129244 5.695863412974378 -72.08951686654534 21.653575892359388 19.856835796156545 65.06984067631774 -20.2838234778307 63.74675577069193 -20.787230609051488
5.71840117472985 -72.08735041153913 20.687802203720516 20.111350132897545 5.719067053461831 -72.08733781949016 25.4489206018983 21.591382273412435 -58.84179155165415 -3.6181526655858045 -60.16487645727996 -4.121559796806592
5.721609369725081 -72.08694573548888 20.861147750669268 20.250199163519245 5.721798796454556 -72.08680719457249 22.83020251087213 19.318171496563778 -16.73946193348458 -39.80428004352998 -18.062546839110396 -40.30768717475077
5.718798462309427 -72.08721661216498 20.79040111716538 20.129670035059007 5.718938382424972 -72.0871176993137 25.612307869978405 23.358164706386376 -12.364428173102453 -28.418710664884795 -13.68751307872827 -28.92211779610558
5.706317070933715 -72.0884504640781 19.188311135523648 18.612900581950576 5.706036708385741 -72.08844966483181 26.85862027704789 24.574866321414635 24.773361754079886 -0.22968948548321125 23.45027684845407 -0.7330966167039983
5.723010301951474 -72.0865913056043 21.920612746047315 nan 5.723455454291967 -72.0864182525072 22.495620300612366 19.851641158357634 -39.33844648450216 -49.72010945858882 -40.66153139012797 -50.22351658980961
5.6751105984727035 -72.09150793849173 22.45196184304862 19.742342464013106 5.674947374578225 -72.09131143086275 23.69176318669958 17.523556663349027 14.420388900932826 -56.45871582011448 13.09730399530701 -56.96212295133527
5.698341125751846 -72.0891072495757 20.007375677280436 19.452460378627876 5.698073174873434 -72.08913884922764 23.90125551693298 21.412092428994338 23.675803585527078 9.078857693078936 22.352718679901262 8.57545056185815
5.695972007187361 -72.08925983790793 20.51947410093075 19.908257419596346 5.695895754559009 -72.08926283823573 25.169674781445107 23.67182892480027 6.737531096900995 0.8620212739101075 5.4144461912751805 0.35861414268932046
5.707177205683238 -72.08807714077301 21.28853144631649 20.603798757305462 5.70679799991562 -72.08808297152706 27.13515728629004 23.270696595874227 33.508009922650665 1.6751310872718266 32.18492501702485 1.1717239560510395
5.6962990234392885 -72.08905410259948 20.88845815991992 20.326363854590333 5.695895754559009 -72.08926283823573 25.169674781445107 23.67182892480027 35.63243479631599 59.971811285731725 34.30934989069018 59.468404154510935
5.7148678174084555 -72.08708086548341 nan 18.407034449299033 5.715361838333731 -72.08726308306318 24.398023555239007 23.556412162720775 -43.655846008592654 52.352836647766985 -44.978930914218466 51.849429516546195
5.698626389604954 -72.08869027763076 nan 18.454176179528964 5.699101547200985 -72.08871917033251 18.033510970921935 17.688574311278757 -41.985274660969544 8.301009626307271 -43.30835956659536 7.797602495086484
5.704031862491819 -72.08814305400405 20.564613027281485 20.004398860128184 5.703722405163587 -72.08816189136643 19.697912352192112 20.219580736315137 27.34468513988538 5.412100886504801 26.021600234259566 4.9086937552840135
5.7421070786565425 -72.08412851154166 nan 18.01633080224756 5.742262910786552 -72.08402779566616 22.562022247494664 22.52338002978105 -13.772833477084685 -28.936741829864676 -15.0959183827105 -29.440148961085463
5.6895597176890185 -72.08950925228443 21.949091963522264 21.612962689346055 5.6897401542441 -72.08956978854621 22.924427953526074 21.679209120509057 -15.942801615091376 17.392677023928876 -17.265886520717192 16.88926989270809
5.717944588911442 -72.08653685690429 19.740863760055614 19.13698954587195 5.718585984361958 -72.08649190891258 25.713689759874395 22.877286854526954 -56.680764053680385 -12.914329820401516 -58.0038489593062 -13.417736951622302
5.693720511241306 -72.08891415559626 nan nan 5.693419643602194 -72.08889458024095 23.91789893008579 22.336480780720716 26.584564483679916 -5.624270655956889 25.2614795780541 -6.127677787177676
5.724197103135857 -72.08583906536532 nan 18.436527058124902 5.723480582061184 -72.0859050973359 22.627604318499678 19.448836216852243 63.32207698797711 18.97129875878219 61.9989920823513 18.467891627561404
5.745103824811858 -72.08366303299472 nan 18.50862870912488 5.744437821920622 -72.08374272970272 19.645128739345846 19.256968602936652 58.86448075714355 22.897371902165478 57.54139585151774 22.39396477094469
5.695515409138402 -72.08871791325679 20.714793146071088 20.114625189486922 5.69543519017034 -72.08866978511118 24.823974561947104 22.6431378486907 7.088196440973536 -13.827724129646704 5.765111535347721 -14.33113126086749
5.722465852254066 -72.08593726960706 20.829716400489367 20.178924196950256 5.722381661430962 -72.0860360008873 17.873892547521038 16.764190323482882 7.44026896693446 28.3665238427265 6.117184061308645 27.863116711505715
5.721175872833722 -72.08601838242585 nan 17.88620361422042 5.721235416792914 -72.0860903685838 25.821919834190453 22.563948094151115 -5.262107143089679 20.68237318637669 -6.585192048715494 20.178966055155904
5.718171169801133 -72.08627155683332 nan 17.93844287511095 5.717801782748437 -72.08614906754728 25.55297438660184 24.24858945377892 32.6435746800388 -35.192552619832966 31.320489774412987 -35.695959751053756
5.702802852952483 -72.08782551768448 nan 17.991114709479547 5.703009852864837 -72.0876348451422 20.100477778834502 21.84108467979329 -18.29151861653548 -54.78224629856405 -19.614603522161296 -55.28565342978484
5.70741107092615 -72.08722199158095 nan 20.056253154411536 5.707919108630204 -72.08728663833114 23.869818675879635 22.47549874634808 -44.89414442792766 18.57349781971921 -46.21722933355347 18.070090688498425
5.70548250729144 -72.08735961240602 nan nan 5.705805916595503 -72.08740043418776 20.559174280078572 22.92124986695656 -28.57873736248372 11.728447932275401 -29.901822268109537 11.225040801054615
5.694852284079023 -72.08859158103189 20.838400434491852 20.213749928727317 5.69543519017034 -72.08866978511118 24.823974561947104 22.6431378486907 -51.50628546725849 22.468600291534024 -52.829370372884306 21.965193160313238
5.746442987736678 -72.08324720791663 19.42440514975179 18.907434603913096 5.746393129348733 -72.08329782124008 22.9156618381319 22.968237275056783 4.4068187063486075 14.541735162378266 3.0837338007227926 14.03832803115748
5.708618980640472 -72.08694619031657 nan nan 5.708593488637273 -72.08676087541681 21.5348359999588 20.13059004125752 2.252704292307255 -53.24290862656643 0.9296193866814397 -53.74631575778722
5.745849449841809 -72.08330525592869 20.756266026625546 20.16942126482804 5.746393129348733 -72.08329782124008 22.9156618381319 22.968237275056783 -48.053890472180015 -2.1362807011035927 -49.37697537780583 -2.6396878323243795
5.672329632314471 -72.09071021655903 23.453522475641144 21.22599509075025 5.672413732521459 -72.09074328427248 21.934543256325593 21.157035616280602 -7.430345569456811 9.500694601693285 -8.753430475082626 8.997287470472498
5.69446502604578 -72.08844990113062 20.0806892094475 19.5254241562265 5.693943511271515 -72.08846278060683 22.82625842000682 21.319911238204433 46.08202717827788 3.7002086120452566 44.75894227265207 3.19680148082447
5.7449356640925435 -72.08325944009958 nan 18.258852609464114 5.74510670385801 -72.08314658937886 20.755642457462507 18.459844239067486 -15.11763158309677 -32.42321337624258 -16.440716488722586 -32.92662050746337
5.714866375255356 -72.08627305276971 20.272319198733932 19.74219298046951 5.714656566519614 -72.08640449638352 21.48347003644684 20.461093455131767 18.54127406632386 37.76509217406932 17.218189160698046 37.261685042848534
5.739889440374651 -72.08370751698833 20.193244704462245 19.711392129077325 5.740386713455249 -72.08371368360186 17.526066987928917 16.928087404216726 -43.95123770975836 1.7715510566113155 -45.27432261538417 1.2681439253905284
5.741262374985053 -72.08318741383216 21.294206362241667 20.332037315237184 5.741771671114212 -72.08312861562474 22.933300213056608 21.554868544822966 -45.01515283419281 -16.893530083807565 -46.338237739818624 -17.396937215028352
5.7192412077333765 -72.08574339526014 20.590794357308535 20.008200129378878 5.71857020589346 -72.08577778060774 19.24170173028064 18.95673155004986 59.29965096356717 9.878939462431417 57.976566057941355 9.37553233121063
5.748848044037621 -72.08270000738811 20.36068562227285 19.895274965961896 5.748133868686595 -72.08259087513349 21.678210371547177 22.756005764133505 63.12547182361995 -31.35521206136486 61.802386917994134 -31.858619192585646
5.739496578075223 -72.08361951622658 20.916790869772157 20.330240258975586 5.739025781661302 -72.08373949039105 21.55312489350591 17.184257998764636 41.611308173876715 34.46966910790235 40.2882232682509 33.96626197668156
5.7474636950894515 -72.08268023766901 21.569435568123353 18.981160310578282 5.747241698212093 -72.0827076815735 21.50540824648742 20.680250538076905 19.622173408586985 7.884884509786413 18.29908850296117 7.381477378565625
5.702416888382842 -72.08723085386393 19.297021845789114 18.43587861496019 5.702572166095052 -72.08708348020377 22.932342500523102 22.771663009383524 -13.721534142994614 -42.34201103437723 -15.04461904862043 -42.84541816559802
5.743930161152559 -72.08286016849095 19.523644887249567 18.98208918580869 5.743771066278157 -72.08267228204173 19.01310021134657 18.65206762726871 14.062165782937162 -53.981759775016904 12.739080877311347 -54.485166906237694
5.6783910221387455 -72.08949658008831 22.408670685551648 20.98300213898367 5.678947940015851 -72.08964318824535 23.300092428993615 21.57384780709073 -49.20753061572286 42.12182872983597 -50.53061552134867 41.61842159861518
5.7072809981625525 -72.08637864501254 nan nan 5.707446325521949 -72.08637960541814 18.226091692201116 21.461312611734915 -14.610270609874004 0.2759145108521011 -15.93335551549982 -0.22749262036868595
5.751210720840735 -72.08197812746002 20.246937663371057 19.767041796474963 5.7518667883668 -72.08198276647873 24.55023910013619 18.4361133384344 -57.99162053103161 1.332522663990616 -59.31470543665742 0.829115532769829
