photometry_outputs/hst_f606w_flux.ecsv
# %ECSV 1.0
# ---
# datatype:
# - {name: x, datatype: float64}
# - {name: y, datatype: float64}
# - {name: flux, datatype: float64}
# schema: astropy-2.0
x y flux
[from data line 3177]
787.5853577744351 729.9546122197497 -72.13070163272421
2515.540293693543 729.6447816518348 -0.905704405922474
45.843614564987014 731.1441005749007 560.2468208697125
2109.948081587256 730.6029705612896 22.32192638308478
61.13038197438585 732.1747978473007 3.9015353035022247
1464.9338163484113 732.1264650130821 -106.76076717852959
1601.9039643609415 731.7924240803101 -5.334313903739235
296.05950799635076 733.4022705919546 55.097395733201786
2000.4314151319174 732.7398776234993 -2.492006757461008
3190.965982796351 732.8784254784969 12.896470990340699
3745.610196922193 733.4146016465195 -2.67174008487248
3874.2424065778628 733.5642566601235 12.277422084681774
3927.3402265193677 733.0498111713141 9.840349048689898
1676.2562837075368 733.9853891157424 1099.8842167482264
3881.2453933689894 734.2295479387403 169.1286357027655
4048.535669955878 734.4139359337851 513.025917220306
4252.040079396964 733.5024011685508 1.4843464699555293
2140.5885386367913 735.0279622073879 5.060445107275963
1929.4404420547228 735.7106567059107 7.109323105705139
3203.886610819135 735.4297469029269 337.50096923689085
3353.6246935551326 735.9796333384928 -2.428278618533531
4113.575272248442 735.5998775418108 31.404141192942937
53.70616213218351 736.9778673276576 3.3494865397157763
4385.972172491115 737.1382075601529 1.9229422394192777
1546.9685361991735 737.6643607816667 1059.6193638542898
2910.5373589466863 738.0824976975409 10.795123398643954
1445.8088228436482 738.6141458775753 4.740656287956433
1487.5323528414888 738.7618818853548 -37.029769761009454
1518.7861854703106 739.4427657584374 -1.3057240969654937
1758.1358123864388 739.1194141546766 106.75172299742309
3832.9660024615787 739.0641796924198 -1.1659550051264618
4400.595302655908 738.5202437582728 4.7295711932474545
1883.7766376577526 740.2120490614391 7.071325703029974
2608.639500118292 740.4331912659164 29.7657094959497
3677.864266680049 739.6536015767504 -2.5703218052402512
985.4632809041427 741.2660609030781 -1.4383660104031526
2111.367380723505 741.5073621270418 417.5855174412718
2897.1111949716083 740.54922624559 81.73227663330991
4356.621281400308 741.4429993788666 -0.6009467183382218
216.40743441264772 742.4934165088271 -1.2083966336485454
3966.4301439974024 741.7617598895695 1.258382067082043
4344.906643186675 741.9942516518214 -0.8491437284872491
75.40266793519953 743.4797186145129 17.926659950515862
91.18428905403965 742.661677827621 20.527421937855294
639.6904565398829 742.7933223987376 -1.866885863094847
1237.693234704393 743.3425301128292 704.4832704730545
3831.230714151076 743.4305309969703 41.61550504076085
3065.9515159440775 744.3606383179784 -0.7906070517991781
4184.764172996259 743.9785469924631 159.46395485357976
2715.0865593851463 744.6268290659656 13.781701668278334
3093.3351627626985 744.8232028772868 63.77891347192517
3594.7948552154426 745.0538925971638 8.909617187697112
4115.207912328798 744.563797096954 343.27075561292975
4172.007636979625 744.6589545788025 98.33456309569041
639.7378646431305 745.4743995271829 -1.6406873998721043
1353.9273578464197 745.5935461497611 -84.44233608636956
2122.1135260446367 746.2628318952544 186.72697868784925
2206.930955060942 745.5977243873525 28.983749746606236
3933.1163965925243 746.1489814906271 487.1050041515907
3440.094253663882 746.8532505893894 7.870369934717146
4397.9494328499 746.6314899502709 16.00970498459428
1091.1398447555944 747.5613615806107 0.6865203468894469
1664.5688777824287 748.564858326519 32.14391546469762
2074.0417617399203 747.7981988147272 -1.8841174238561702
2325.601678110366 747.7885355440541 -2.5459214677409108
4071.1081245451483 747.5396345504676 24.231168233364404
170.50543372949036 749.1764055803241 24.030286479986405
1662.532598619207 748.5368609218398 8514.307046141472
2878.4541081060797 749.220885890071 2.995338361075515
3254.759581921531 748.4722122380014 12.963825258224393
3450.840831292184 749.274266176199 73.25201722024212
4172.468505138825 747.6111414430684 127.14096313355897
4183.040809801091 748.9891457555058 165.29798960845162
2567.2380946949966 749.0736043226252 911.9237182088027
3050.0110224259747 750.2438500427346 6.695833431732794
3828.5859389634074 749.7803117150712 16.16008568668529
2644.492848985431 750.8720654769232 -0.3447624345496763
2678.037039302045 750.759973979255 33.25101538416545
3124.0184720119264 751.4137146499869 887.0941960768873
153.13452310271163 751.9199432429953 0.6067918590754514
2563.398560887422 752.1320809139708 29.257928696562598
734.0360748566395 753.0002299939393 1391.073478130464
1226.779569088642 753.464062963572 64.10675712790538
3027.8325697127802 752.9368009886866 -2.8687221548233923
4341.71585612726 752.609389075923 4.584194565916607
2345.9676354744533 753.6429316080495 8.901888764322717
2399.4117680342574 754.3780347992088 -0.5740796965172476
2500.83034646639 754.3294849042968 -4.06812276748173
1204.7364734644793 754.8331508748727 -2.3537327419384577
1693.2888989627147 754.8430315428179 36.143841373356175
2832.7368253797235 755.2610891036536 48.09353419959916
3459.7393372194865 754.649662509275 0.8477702353841774
3763.0203139738114 755.0174167920364 -102.72874947150811
3780.4102731375783 755.4878485898304 -4.075173071833736
4143.784435588455 754.660870471088 33.784199641665325
4370.437964277398 755.2485460726675 -0.778984449523174
2693.9734659509973 755.7627379204717 20.386623109513945
3867.498764725853 756.1070211534907 6.764310702800068
78.3216954934789 757.2729118894077 0.445579299265305
4396.791416994737 756.6816652358432 14.241398267936727
435.2047913401898 757.4348463820928 -2.154071436038301
620.1757393447357 757.8529816965936 5.093977168535014
1027.116050270341 757.9778745230047 31.255185896596824
2630.542827692208 757.7995956710896 6.089888790189579
3650.3837381617504 757.4545803928918 -1.0086205166608673
733.1218965685284 758.6431480022671 3219.16020110835
3313.037990313939 759.5504469261808 25.672645725515174
3898.091894089034 759.5788154559881 6.322868894810645
4381.4313740750495 759.3002109500239 19.53680456363201
835.6022400127288 759.7802358456582 -0.5275425225109351
1010.7084002236359 759.6289164401795 26.760020733058003
3574.3945208042082 760.1159167793403 -0.985487168723886
509.9358369636095 761.0040948379841 -2.3266930740215113
3915.1634005900632 761.2224654151512 258.69139235786946
3984.74405085638 760.6244177321169 1504.7503287711424
1685.544339955508 762.631567409759 917.9358296977628
2381.914683812563 763.313594200869 23.64596957935574
3106.664938941814 764.375566991061 29.505806841354072
4173.844699875363 763.6780344858798 2.805590736509604
4399.973845222232 763.9914399585244 13.235743631486258
2269.5862066635377 764.9123183948738 15.851123387914456
2671.00591160698 765.3083885271207 0.2623903349953697
91.06996707429876 765.6271424612823 92.9087720686219
1204.2991330780637 766.2333712334088 35.0790380612029
3312.7575281000722 765.8760561863716 91.12573537225326
3245.2008560164104 766.973394588523 -0.771767489130885
58.969465552181504 768.1285124143984 1652.406780389641
2561.04553223103 767.4470680997123 32.767923001942364
3472.5133319961296 767.8936596193263 18.224360159603794
4366.173860897482 767.7842954087439 19.704471577499632
232.14968160068932 768.7605158787409 591.556541953917
1520.002612643097 769.390803882333 5.5680952890343915
2618.306029541345 769.1808496766016 280.764514441095
2899.832023135814 769.290282142022 16.76518116604482
667.4863492465207 770.1077240411087 25.326515660158822
834.5007158562489 770.0746235468224 8.272834352488019
1080.2962603010817 770.2667240201421 -79.84369134404281
2377.1478061060047 770.1796772307541 25.73817443496133
3109.3981168635128 770.6620090983967 1284.9067609391116
3111.5231951860305 770.6383694374167 56.09446310216218
3651.3699586924163 770.0206031530699 8.652404818366465
3702.5192734151933 770.169032790379 112.35710691832502
47.317097690715975 770.8969781740872 1007.9820065844574
90.00049779959264 772.5000633373272 3.7073038559099043
599.8494200925744 772.1431719678524 -3.2539970284539814
1553.5902979568464 771.8563925616062 33.83483595371476
1862.5589500461374 773.2086834767962 6.893572949935182
1945.1345086033225 773.7813292574848 6.569571118021027
3931.573022997909 773.3681713102285 2.0130359982629003
621.569319084899 773.7227577627517 -0.8797900894942735
2875.3600232110884 773.8586245061653 209.5213619524359
3691.1609340525706 774.090800011619 359.17188986965965
3911.5174886950713 774.0657308886708 71.23569311114117
4018.941175013018 774.4068430379866 114.68256685920029
3312.1468379929393 775.0839326933846 19.752002101530966
3440.8197466866313 774.646573206028 -28.116013845133963
4073.311321273641 775.2819054408958 1.1552629187374543
4358.895331425807 775.5400561088293 -2.0687088613209497
83.314096090774 776.5664972351436 1.164968146736114
1059.8390389608874 775.7329411778783 1.6990541924973959
1929.3886547558789 776.1894866654964 7.43492687102921
3373.7180185456714 775.7357756455225 -1.6257095125130079
638.1816895128744 776.8843680826753 -14.826467980641125
4211.951685468246 777.1195448372865 -1.230482088476595
1042.128776273109 777.6229609328375 -0.7980238425692294
1105.4732083646427 777.9078508864726 21.00902277968119
4156.617384807018 778.0533226529905 4.092950127094695
133.36411836891497 779.3529667572508 82.84349840756622
3595.9616256641316 778.8966298339643 16.93901656198905
3364.7741588706067 780.4469162032755 -2.3346079173340155
4226.092739578945 779.6632800469719 -1.178725875362694
646.1743169416901 780.5496802366191 -3.5280561928372207
2418.810048949077 781.1043979808716 5.02393743539482
2612.6028541708647 780.7548252811582 464.4692399158219
4402.798400192235 781.3109216896754 -0.6494752169777516
874.6165839392814 782.0700575866498 6.655817113241
1502.9626132956175 781.4580609781777 -2.9242333905864246
1940.6933235649783 782.0207633451266 165.08025332638556
2631.71095165582 781.6098662184711 24.03242616236313
3810.6023212423997 782.1025946606234 -0.3352743912189714
4386.366916967926 782.2370068337411 -10.471110625648569
147.13450642832146 783.6819767275051 31.082578511475216
2065.8570952706077 783.9279167443759 -2.4083838217119906
3426.9076492119 783.5711766765852 -4.069633889892391
3598.2058631639397 783.9349787799297 22.30119006231538
3623.712944809522 783.9355752863786 22.685953839695376
4086.9449413764023 784.3126940359849 13.201525221975933
4389.536353855303 784.4554384745834 -1.0932720228616999
304.2430403758093 785.0844176362092 81.46055621884872
2005.1642869928899 784.6560476331282 9.784304248778604
2301.406379452989 785.0076444920537 -2.7918930506522184
4346.733882621574 784.6418887290553 -1.996166627475811
1921.485452637591 787.3005691771538 13.49803469500168
1378.5466757522631 787.877174949967 -1.8415269217200205
3213.2774927712535 787.5280546563599 -2.828784416865042
4341.6604273155 788.4635718200752 -2.6001515166929487
3491.7084498658037 788.5487405144557 -173.56845713590943
3357.454706029391 789.690073895187 -1.0543338112916425
69.41356827220491 791.6740403110465 3.1911498866012216
311.9677057431702 791.8497804307373 969.6944782873653
3414.7905362816487 792.0671317310179 -24.982404072630754
3774.0424217688847 791.8339362717064 -0.7129246046325936
4106.6167180290495 792.3221128531505 -0.6889724104860468
4136.496256252661 792.3332923476535 -0.36678291722551776
73.88084473488232 792.8580665078978 2.0959884688741983
2445.654072795953 792.900533619798 -7.584570237510333
3881.800605833735 793.0407068791515 32.746961118502036
4192.537677628007 793.500035386321 -0.708399958137057
106.42775289265445 793.8577430386164 0.9817760698541536
1580.2212618222056 796.1870880629165 14.652937189288279
2085.8268001557494 795.4202637360162 -2.1494363322539365
3333.659842374909 796.3768271582496 5.441036781586876
4174.34793180315 796.0753351529037 -0.5129917090319424
57.18465258798232 797.0884744443526 4.944828159089826
68.05386548135039 796.8466755827515 11.932616861755097
306.55553047944295 796.8287016835617 521.6435139372485
954.3913219160837 796.8439943599984 1.6032981908335318
4280.571258541815 797.2898487043193 -0.31703265391153235
371.56143881372077 798.4291928024253 8.490180464704421
601.5030247973167 797.451547228568 -2.6286300165698906
937.1139273120401 797.3951579655131 2.3167312265277333
1484.3623935164699 797.5630853630882 -6.377308167419275
1603.8814166787852 798.2316819297962 -1.2399921766732374
1936.0921717322622 799.0357454331921 11.556742878817486
2992.7746354928913 799.1941401716651 9.590559988248096
244.43703687133876 799.9814561003636 3372.826778150361
683.7599565644725 800.1309561882913 -2.1353365246398406
1087.3469549701092 800.5535156287597 8.253734800241276
3054.134396094847 799.7647044085647 -1.817847551586943
3684.5910471082416 800.5913219408196 41.80352070656542
4021.65183163698 799.7855532698445 19.297015621454275
2042.0209854578657 801.2115483545085 35.868020953877455
4216.966736861759 801.0302778777082 -0.7218545166878225
313.5468504740307 802.3339254532891 27.67432951642093
792.858352209051 801.9272759396762 -9.232138821585044
1154.346537531866 802.5108623173469 -1.3958905187763737
3628.583799402823 802.0492207467553 261.2851088611966
3922.3888310685224 801.5044097103363 389.09440852812673
89.98931292737589 803.0619509847808 3.2946755176424394
526.4006607477144 802.3507862977951 344.2346588896114
1073.3384116839115 802.8109854046204 -1.0913718694884194
1588.8531136158588 803.3831813969485 31.392380986159473
2823.168274657762 802.7818393939488 3.1191040509995083
1376.3398453931632 803.5968571479426 319.4274355790526
1463.8882818295206 803.8511309239674 11.086929687805378
3123.341526379337 804.0346043116415 36.69658051252424
3175.174341947567 804.3003852267523 -1.8087042038700865
3210.7572103871066 803.8240963452095 -3.834301616656277
3663.939578185048 804.9683337226994 63.201559686929016
910.9246606094833 805.9164141005889 7.905914393161173
1105.6068271608988 805.9305051443547 2.487864280719525
1572.1492849511608 806.1459695665802 31.531025607241013
2580.0659782425146 806.4072249988778 295.227201268041
2923.9549210198184 805.5701242811888 12.552169761230552
4048.4957408663445 805.9533339677575 16.75458818368527
373.6965937156355 806.7454208510674 53.47607224431252
2186.242300008179 807.1581298949983 10.535302811143183
3081.743327020569 807.2553706609674 17.227955472106903
3475.4099096713585 806.9093939343243 -5.675365895466925
3582.994468568468 806.6329468873361 956.5561919674512
3806.8804505947373 808.0592919731977 14.237673179664096
4399.4275739924815 806.8930530072482 48.66670036550029
1892.3528506369264 808.5303939722123 19.473904030489297
2567.421853190441 807.5829608485003 -1.3865419012894653
2958.351813596826 807.5507810375833 11.739970366037696
3570.6833490433046 807.8689153187233 15.059424597161364
4386.6488020169345 808.2442881371433 9.233971595312363
3344.0821887015336 809.4651143971515 11.394247373668403
4177.891002439049 808.8780358687135 29.925284154256293
460.11033238734495 809.4844364226706 -24.762624126490778
2662.2948387430624 809.5845065675335 14.48025375764271
3100.5911326427563 810.2900974293159 32.16117007406153
3268.2645122178096 810.5037899235634 -4.48685265110053
3738.2303154302144 809.7442642087796 68.5372195714865
1898.390659238104 810.9285058731815 759.3336915810904
2244.7787498369607 810.9177657094157 1.4696316513765182
2730.1220397949683 811.4252012839595 49.62917224812767
3427.9012395344744 810.6738938693014 -2.374110002374271
4047.5040736916503 811.1060022711933 110.69597797622667
57.526191836469 812.5691372745516 11.43655046212436
681.1885979908459 812.0720558926732 -1.1553632169084722
1238.6676223725242 812.3286588922422 19.69629508956058
3912.051772273557 811.8100124409674 1.9686268438157442
4373.996798862527 811.9138697780988 2.1816992588015385
1183.4782052663086 812.869380106596 7.599575991968889
3509.3248721634573 813.3458060033441 -2.1423878725342043
3637.301394217419 813.0776524297103 548.4728101464553
939.394158773936 814.0288922852345 13.218224735007919
1045.86643802009 813.6683112970811 6.745616729101879
3332.2097881938475 814.3021511847888 835.9451822202537
