photometry_outputs/hst_f814w_flux.ecsv
# %ECSV 1.0
# ---
# datatype:
# - {name: x, datatype: float64}
# - {name: y, datatype: float64}
# - {name: flux, datatype: float64}
# schema: astropy-2.0
x y flux
[from data line 21345]
4448.843051218691 3920.59803694891 652.5726611367497
1355.9481554008544 3921.8774930763607 64.30755264033375
1693.3463971176632 3921.9679275299472 13.775189818154066
2848.25388162294 3921.7787188548537 45.585798288616324
3192.6572109310628 3921.5763598887784 1840.3861402185412
3694.0969730632805 3922.6182752863197 861.4526410987216
3796.6282158784475 3922.381831720751 27.45573252341461
4106.274579733215 3921.558540066184 1728.1357434982322
1559.5940359320928 3923.4208908656087 74.70401591740352
1790.1299034836936 3922.6934093042673 20.83462878227264
1837.025674175768 3922.9167039766057 33.766222375127455
1934.5608380352521 3923.04425331787 1.058797007001489
2328.7283874232276 3922.959653784606 4.280218353777767
2358.7491723764733 3923.0838182438833 13.212150733516983
2569.5517712846604 3923.066277871367 19.231446044071067
2575.504159464611 3923.4003105606607 128.89112727749895
2887.527957524173 3923.387003919693 713.5775686914732
2940.3666293152764 3921.9620394215563 6034.9950412066955
4216.059848976573 3922.8248400505277 368.5823292847062
1787.1503799600162 3923.99908138432 20.854174680374978
2243.316848194655 3923.478071002139 38.96904152647678
2998.836505428445 3923.7417114260643 61.745695268539244
3146.182436344562 3924.9972060842742 18.73403744184836
4443.13098070883 3923.3553335882193 816.5841165285304
536.2436149107841 3925.116927141364 140.2332554627571
1606.926029207366 3925.1344495541316 3757.0867754706824
2082.7668707419116 3924.511735069161 56.12201700584193
2516.8366640273416 3925.042994130141 2968.5636952615373
2636.442723593503 3925.207298404382 1.331980870102438
2944.201714228646 3924.7880301333953 5543.622101527881
3465.3999495974895 3925.6833203018155 1150.7227201580497
4153.739863605834 3924.7557355434787 521.4994336267335
4289.82648461353 3924.90974790605 115.6276280850179
4366.9232345867795 3924.885188493063 4.811181101131958
337.0236013279594 3925.4160832400016 6026.57833459475
608.3742230844908 3926.3598212895736 971.0320231980168
2935.8047153341886 3924.441932724403 6171.644008362303
3143.5759064264776 3926.3400514781883 1108.053109093479
3161.0564516157306 3925.6728580379895 12.750942879478707
4431.132913626808 3926.393022124768 20.349693989695606
1465.5594283164264 3927.263398543535 384.3630036483202
2124.106924745051 3927.1498122768594 22.271521503869046
2827.4576158398368 3926.7047703922467 41.40261790415132
2949.9103625918 3927.082501128793 4178.975034336788
3484.218986083677 3928.5299218147875 655.7364734994156
4395.189476837399 3926.5333064815613 49.39039205022514
639.6941379983248 3928.2197252622004 582.109234042574
968.5910721155627 3927.701588778779 14.036813131605578
1247.7427976263614 3927.829576831572 223.86279527914525
2760.1556093663507 3928.1137814353774 1685.7937331400888
2921.804687562342 3927.389216683443 344.77234779970576
2944.217275328128 3926.541647628967 5500.824165805261
3081.6088000796253 3928.1838619746 1930.1006438555241
3261.4783413516707 3928.5277634030854 141.27483376372382
3301.8612071849443 3927.7369046261997 17.732775890481008
3471.6598119914966 3928.2851537068145 1135.4027901884238
3698.5098122044988 3928.136068051199 121.61574183742805
3738.222540372202 3927.6139434190927 1818.778352468597
3866.904065330628 3928.0978949470014 728.8927719146434
4003.252872309432 3928.1295451651536 233.97874908608264
4267.118629948059 3927.79436181424 324.8190158125843
595.6184322946912 3928.9399865942587 2112.7329281676107
2169.7679221884696 3928.957428512856 165.5057500067596
2415.4202815665326 3929.181014789364 2.485251724737246
3255.8836344756464 3929.263698256254 44.434219382622544
3371.541702630484 3929.0020384461877 3.096792948556762
3736.421681312641 3928.3378930582244 93.72567940932264
2949.1074480985403 3929.9036978379154 3403.5394300331604
3029.2302483086314 3929.878609026643 22.585194523236208
3596.682273780551 3929.382950076997 143.4376565659941
3930.666821477221 3930.29986831333 8.775753199063777
3953.84422443872 3929.9647507580034 13.834785891682944
4300.672011545464 3930.1097104805594 316.8295087343713
4325.158542988074 3930.0913710763048 274.0869301096327
343.7693350112622 3931.085947313568 6385.89615223313
820.4488828866864 3930.761139161732 14.995689810051132
869.5038996618515 3930.992093692598 108.86475056306718
1242.4117258072856 3930.4178619968247 7472.106251931025
1537.6593985426773 3931.1925767611906 42.65090279524686
2396.5699126568916 3931.4158891502498 9.860437783494618
2675.7039657878277 3931.1031315961536 1138.6669259488554
2925.3077712235045 3930.4875152785885 5561.252914572689
2942.9655894775906 3930.2294141058155 5602.034747280476
3124.1116563168985 3930.9672951865946 378.3639656337022
3191.9711912014172 3930.7819261652994 1635.8992788005876
4146.307184275192 3931.527825501525 12973.16946717523
338.2194404857423 3930.4471647352616 6076.173339543042
471.0441948937039 3931.866379087673 390.97969981547806
1167.7583092549544 3932.240581289312 -0.21967385887491742
3511.6378435298707 3932.3062134651163 950.0115270416948
526.9775620493929 3933.0087776128794 1017.7258863712976
779.1575605820341 3933.194610458525 551.799901218157
846.7448049673458 3933.2386984432233 54.30079197237301
2946.400982048541 3931.9904669583157 5205.212809635735
2963.412997657899 3933.342558574377 127.9999276233641
3471.8212180390515 3932.63850346172 1135.7319880788111
3483.1016738001754 3933.246538389137 397.2943487877649
3909.983868782673 3933.0807026222997 1222.8175360047755
4468.846476582312 3932.4359305230214 8.215197191913246
342.2964565104604 3933.8785577864396 4090.218609216962
1452.9654162837983 3933.82372802859 125.4092158247038
2501.681684312021 3933.418301382701 23.475402622752355
2525.3455309171436 3934.3664360240664 31.71027832142672
3128.0899223844535 3934.2732234116243 378.603012952266
4086.889330071116 3934.2656264301213 52.09155734647519
337.54541781375366 3934.548725661372 5526.909532552365
882.614374711716 3935.2899972829914 69.37233111307143
1455.1448267429678 3934.6971485780155 450.3532711307126
2088.8322362995364 3935.0602288036425 47.33610714867609
2609.2786610524936 3935.5264940510256 1.057861439869596
2712.9904841140433 3935.299663839481 35.7781071449138
2770.4601949889143 3935.122118570011 1938.5402213284865
2918.8177402068754 3933.1242752864596 2818.256986343264
3802.180817286545 3935.2185093685066 35.24028319523157
301.48136131327163 3936.0336471412998 1104.413116335652
312.7359027808009 3935.0891312451226 1421.6894186923582
891.705878139246 3936.226603771896 339.8345821227482
1474.344316709852 3936.36880340215 439.45817512205747
1547.915008098737 3936.333675824034 26.311019213993713
3325.868853226031 3936.76321835476 1925.6804876352974
3517.9358625938175 3936.124625582956 906.9531724411423
3745.321177675166 3936.064742802548 63.694427367513754
3906.436571390056 3936.2486438576893 25.8433234344822
1020.0748569557543 3936.9069358417473 37.12094059810948
1042.199576721723 3937.3949697529715 138.22040029824726
1395.9327765227038 3937.031232829846 2.6006318921467924
1504.257993176489 3939.4693341632014 753.5671441087281
2852.6305737490916 3937.5160284912035 6.873922276562465
3092.5953812142293 3937.9159497968453 1144.060384380533
4032.2830729956722 3936.9404274873464 3.3118779880194267
599.2233740437525 3937.516228362803 2249.345799114075
990.1182896791682 3937.7000753598936 95.63010491208063
2102.231790289558 3938.4607066212693 158.20020517754642
3229.789632782591 3937.88487051353 703.3787296500168
3509.2442792904817 3938.7386275961017 1035.7674746372136
3643.4194590551765 3937.156612768394 7933.388397804667
4332.588096433909 3938.692311659726 509.8795807045021
771.0328450725417 3940.946693997035 15.298096675377838
2161.5903518946384 3938.884159014281 362.66885855240116
2543.3589653564263 3939.133122260694 8.053374516186748
3286.2413803120066 3938.8223930013705 4.205205969271056
3593.1140425960607 3939.5704557389463 51.675660522721664
4429.842582024783 3939.0296829108643 23.330247887601246
4463.009376038826 3939.1895534394166 8.276479804484401
959.2154221513688 3942.037519216098 656.845229916284
1413.4996420723246 3939.7180463048603 28.099866048787913
2925.4202103532316 3938.3715229202367 5061.66818304869
4478.9035754715605 3939.9624478905935 1121.0150708314472
420.3767968926717 3941.400545998958 21.368325711367454
664.8896174667068 3942.6566736798463 2561.7237883828066
1400.2655891036684 3941.0561275377395 3.0247225286693067
1902.1954456677115 3940.6911193886444 63.77764286347862
2577.8761672087394 3940.864181909674 5.14695253818813
2674.2770817444684 3941.331248202999 53.36885195768824
3143.0238885670715 3941.4386274597555 2163.957483672776
3152.3383819302217 3941.9750549045157 2256.529010645038
3855.927089127574 3940.9732446891594 1599.8912009263913
4173.426477941082 3940.544774111108 8428.774397225317
350.56009058421165 3941.4971467454343 124.02528783194897
812.6266000924934 3942.373203820541 590.1802274938563
889.4112829318104 3942.1878470652423 342.6273023620871
1640.2285266867432 3942.017475011919 278.75690302564584
1844.5546934215495 3942.3390942808774 7.989098599591483
2189.598801980814 3942.4890224237993 18.30966088643762
3379.5569787133795 3941.5995371876597 101.73471173237486
3709.0164638093056 3942.2099349270293 1497.6355504222365
4044.04802717625 3942.3098907266526 28.174767815772572
4332.495358381572 3942.1983107342976 509.60036211420515
4389.064153319103 3941.8160482097014 1.3919524115471364
749.3700859074814 3943.5836215100217 756.5330488268075
2395.817560942067 3943.3584731651586 439.288488906392
2900.08822141679 3943.2861972305614 35.56675312233967
3329.6425883617558 3943.7628336484213 1978.8156239273671
3653.548057517861 3943.0540597132413 258.58520386600463
3721.3327079853107 3943.246673791571 112.84858242796801
4302.999207511502 3942.5959517707793 469.59387085946327
230.27449165417147 3943.6925885308365 7.124601040355218
257.26243445884114 3943.943580805166 5.249223861141603
569.6138767543256 3944.5047452753674 4.950560340739558
1342.2420368332648 3944.45412032135 137.76123670523455
1502.6992098307742 3943.664918570884 745.978855625649
1536.7506304367994 3944.542331320263 24.291822665115713
3339.0517843316893 3944.0589921521155 2029.7354449021157
4015.8237971019166 3943.4937039810884 16.579811265967827
4444.507296447309 3944.222997119614 14.95298876352046
1649.934849217238 3945.1622887560843 753.1582844678339
2673.1972620891383 3944.275963917887 79.20895442004837
3481.560775054855 3944.7963173503963 922.2466278052772
305.65564175999253 3945.9194939910144 1174.3279995514506
516.370728342713 3947.4357516413265 27.555914158937615
530.4478431483262 3946.179819244587 426.9523054562951
769.3156809136223 3945.718191922512 7902.022915289555
900.8295176708295 3946.109119469728 490.2236402742312
2528.9576009710568 3945.8546614912248 44.32091975483839
2577.071186852356 3945.738576064991 43.7261289760776
3148.353469435597 3945.5877412761242 2150.4035737471368
3158.49752866633 3945.8998522329525 340.9552300502556
251.26982855398202 3947.43441886921 10.86259626514976
957.6068444525532 3946.5510274151716 651.4195208197774
3956.350643127045 3947.3037194205936 5.9830213884991865
4458.254469999956 3946.7632113807626 2344.8766022527816
4462.6811555102095 3946.9808071051093 72.05732320370485
659.7879674600458 3949.4545240713223 2472.1061471975836
1979.1865857573816 3948.391972603709 16.575946632355226
2536.386676732948 3947.7481791500545 38.67979041201256
3172.801591416088 3948.130470885397 137.528832466476
3856.151135475563 3947.7902115583365 2300.0385116154707
4127.027391612148 3948.578492894496 4370.076296144267
1196.0946387433426 3948.631093678567 141.42696328475273
1678.8745202566613 3948.6950493773284 14.65294601162108
2277.697511432542 3948.653836466046 785.1095740756347
3220.334332264385 3949.4108974539436 24.01826782787199
3223.804677873661 3949.0362605067517 60.14888401178392
3430.6752433496004 3949.4254018676374 240.29391383392309
3463.417723121172 3948.4509895099645 23.76014953253095
3566.589179116321 3948.970331267556 3768.956926248493
4473.711385253065 3949.716954463923 16.55465223124457
258.4938026106467 3949.7776506178147 13.961426993144196
668.5614199476317 3950.4959491638397 2545.3021326771614
725.872916990088 3950.402226552365 14.36095580978843
747.5680467179562 3949.9504789733373 18383.373866546957
793.052548601704 3951.6257592542515 543.2902826238746
2360.040789971947 3949.6496548102837 26.72935755160908
2809.501231997898 3950.2070201258807 73.14008149013004
3362.9743837451188 3950.1977437497367 127.77236954377791
4021.793950030561 3949.9083701305385 6.365745754649558
4149.767781335519 3950.510370518122 329.41128132186793
4195.140885023955 3949.6547684856246 57.749450794921856
4240.967242448044 3949.626246823911 17.050226102156554
4476.537719714359 3950.53164439139 4188.846304566437
662.5215822261146 3950.3800912793026 2462.0693080428805
1866.2634595205313 3951.1259330315656 31.115768497105766
2480.855175225726 3950.447785391101 2.5373247612663627
2831.749905026738 3951.1254544258863 745.6094809237161
3471.833893359975 3950.8923752896685 363.75561286721546
3499.863678445309 3950.6663474117886 1477.7661564630878
3826.267817754915 3950.6404857367284 8.024788098737169
4324.70625107583 3950.9985405302664 1081.8606603598162
1980.1485396346702 3951.7172962394734 18.526054729863517
2013.4060353765317 3952.5071749023596 4819.109448700198
2276.3662272976394 3951.983799110748 51.17274872520128
3239.639428473342 3951.7149210337893 14.494858644602548
3662.5001290276423 3952.6335957883007 182.31169509451553
514.6371641644508 3952.373154609056 1019.8388575991488
2956.899647604906 3952.8255283911103 183.84781589079256
3902.26625116861 3952.7673231674194 36.2510574690358
4122.069116611035 3952.4968198411407 5513.244537993628
4355.703330332323 3953.4975084925504 186.38681150153963
256.08747794858556 3953.8315547786096 14.846576307866671
269.1214554991543 3953.3871047390166 15.967605112764035
284.19035218212434 3953.5949631188446 11.856204751632486
1309.8141481417351 3953.977481507794 59.53423774935711
1375.9662194614573 3954.404773298681 114.94022929419157
2986.4288458145616 3953.843627377712 52.14650268376195
4482.880865164514 3955.048585100445 2098.967856653302
1046.3682540918833 3955.532973124043 110.73005365886944
2297.229873783928 3954.7407723695537 6.524900430455043
2651.973031136304 3955.0992613872436 -0.6778662145326299
3021.39203005917 3954.9033434652697 5.22118328148777
3327.8876966610487 3954.95472372754 1978.9848553599468
3679.7007180004653 3955.5675960194585 35.074083436011676
3866.1093653944263 3955.3152712429014 3513.4691563861197
3920.47591824902 3955.1390378814003 2654.4498508966562
4143.799504289067 3954.5067459198362 54.25236770891187
4416.475725658151 3955.322069036055 26.68921840480327
571.8592184029451 3955.664101403613 46.89214183939754
791.6625537863509 3956.3450084373617 79.31533725341721
1435.4326961863458 3955.81859329047 85.67613732427968
2766.3985509076065 3956.2123687154435 202.38292196115634
3569.5371545375 3956.087153319355 3147.882067490558
3855.727031570091 3956.7721302071523 2552.493174750076
3933.504859992574 3956.1103747531906 35.19782469148489
1354.5563482665254 3957.5918197773863 97.37473061017187
3407.342120635322 3957.0618236652977 8.08000086520779
3450.260029960238 3956.5451408269473 9.692613208443708
1038.7067569626338 3958.4067640490343 121.47910237312618
1330.8216426086278 3958.3006026784706 40.136771956497775
2506.896410357894 3957.5366969422457 63.218398645768005
2885.595923760435 3958.2710446552755 109.0120534858085
3188.353025359943 3958.3312314008454 5.306274955998275
3214.584403358854 3957.544255376419 7266.793570399087
3481.062453913313 3957.767637210839 239.41035662282675
4164.052092599131 3958.001851691335 32.08174838143099
4272.824703664517 3958.540770871842 74.21874910433293
4465.331466448386 3958.021961774185 82.8519189038464
4473.285031211019 3957.930563132715 169.3651199014608
2114.043066208454 3958.864264579324 13.753309980932128
3116.296581267926 3958.8082940947697 17.895341756640164
3295.2069941257937 3959.244557857506 58.46147410829386
