photometry_outputs/hst_f814w_flux.ecsv
# %ECSV 1.0
# ---
# datatype:
# - {name: x, datatype: float64}
# - {name: y, datatype: float64}
# - {name: flux, datatype: float64}
# schema: astropy-2.0
x y flux
[from data line 15856]
1257.341575570704 3113.930451142654 1812.9097516439685
3032.478707838213 3114.3699737817424 4.458301763543934
3201.65301770723 3114.4892588920143 2501.6610329974383
228.25314674162053 3115.1218015945906 3.1052092462320435
1025.0130152428283 3114.5255547227407 1.9478168527785475
3001.637773601058 3114.6542238803177 4124.205225004444
3465.6478150236844 3114.629449135174 5.900866690772493
3807.66680099266 3114.997049143853 270.49976585076064
4058.4366141070386 3115.577560481158 54.79243331376473
4245.662079480773 3114.922867331617 17.040874193260695
277.03680943047794 3115.494974760768 -0.44857244501847787
418.4134261583541 3115.763085278247 3006.4533512684834
421.4255695815797 3115.9979389337236 3088.8822623984906
2178.1293196963857 3115.7674500737776 1045.1232727494273
2560.9149402248927 3116.4741149813835 1534.112671236458
2797.075836708266 3115.9067181218 20.70694268724432
3756.2097344248236 3114.3677755575322 2326.2429079457015
4407.85411062819 3116.227589844231 344.12341492308974
178.75126254036155 3116.6489851776037 1230.4853940284072
433.8824136910746 3117.4612615184897 4338.304212942039
851.6902397025711 3117.058927679246 -1.4054217956142745
993.6495313326461 3117.224646681669 101.79971101295392
1319.8258346999517 3116.821485046274 641.3486489066471
1758.5767434451243 3117.33040252 16.37208626800754
1921.6483802529458 3117.214499260397 47.70867100985264
3247.5286240852333 3116.7065300809545 9760.952887405327
3279.324971838171 3117.0355348355783 48.09616028380027
4000.9402905225807 3116.7719299125074 279.2200560184646
798.0425095755055 3118.529187920119 68.17551138107693
1411.6500248485438 3117.6911775772523 11.84084623093318
1662.2770303106895 3118.4290343861085 29.034609020046112
1891.589557284781 3117.614795670889 207.4407087463243
2193.8239301937097 3118.1140968125524 996.4621505435932
3196.3336950143125 3116.8896083679265 1607.3037186765414
3509.5673132796887 3117.666585977704 9.977863490391957
4175.66773052211 3117.9904810714556 3.440942994792795
1181.2412060042373 3120.7480398029647 953.634512485194
1477.9450688222182 3119.155161054907 38.80004885683977
1502.2319416837388 3118.9807535845357 425.7895212903695
1546.1264287493043 3119.2595138315837 633.4080825638063
2023.8968196800631 3118.7438875675925 99.7481403193165
2351.415594959607 3119.2236814064445 21.316811877651972
4055.795527078656 3119.0676142276443 5028.9556890995955
4424.43361152424 3119.134684630498 400.02941461775447
863.9425573090735 3120.1917747422985 1138.168318044073
1121.1142759531217 3120.2498977886876 -0.7355494415564301
1369.714539016033 3119.6182705287724 64.01911870503974
1824.6496044895089 3119.7142208347327 13.488140026304478
3489.5307467247235 3120.425990836978 198.83731984342782
380.1611632453044 3121.3410257474825 48.67095520358334
426.4492727295833 3120.552128609897 3080.574126388978
694.3752597581489 3121.1947585784146 59.39443841407048
790.8707687342128 3120.9944213509584 21.17231099073885
822.0106028158873 3121.1513633183617 -1.4739381575173587
1472.6989068927965 3121.4066344792363 984.5880771896819
1799.6858816841655 3121.027764301917 13.930998216999525
2241.453461186996 3121.3036550726238 16.723340456982516
2511.2126925923494 3120.5159205651885 761.9879751149587
4418.205615684357 3121.4705258004137 99.73408393955636
2289.397435141978 3121.952110395668 7.656634711384143
3055.7318367850207 3122.3405034543293 2.7350081671426194
3225.69971441085 3121.7689212910727 55.059124580409886
3392.5908976321907 3121.905757480026 333.0230450956137
3552.8170878788987 3122.0156320281276 120.60705094888677
3739.4998031771024 3121.671318808532 5.351977585182794
185.6714404880661 3123.3092741468017 1855.641407514127
211.45100168582314 3123.2587739683513 2.9328613885558052
400.97231077259966 3122.398205197389 11.411932060201547
517.6356455784969 3123.480403118478 124.70874480022952
2563.5235009994885 3123.357764127041 70.5306289864478
3155.7018138047974 3123.080815006576 1062.7759001023715
3527.456258740273 3123.148335092686 18.48836130185946
997.5641559648927 3124.5054605206637 428.79343389058425
1546.2655197174417 3124.169187008067 38.31305631957003
1993.6570384482052 3123.9969261273404 1083.1692861510721
2086.2225138053964 3123.8787815046235 0.8649719585181155
2207.32441417294 3124.300496163463 143.21608593154036
3566.2773578852657 3124.3169258836892 52.979296757439975
4102.041583225093 3124.595265411355 39.95704111836141
1180.558842586565 3124.962345292999 941.1211976346755
1201.1726254260934 3125.3763188893113 260.11354460809645
1499.8530272657997 3125.182926504442 34.614673129998835
2145.0182563943386 3124.8726318003705 336.8784060096646
3027.399891222298 3125.082108690384 19.33941164458998
3617.097914662347 3124.5994999863037 58.44192421731599
4411.275320966024 3124.693359707502 8.312019272954357
2826.0091159821723 3125.640173359606 250.22780142536377
3504.2585822931997 3126.0338648618836 48.02105068098019
3845.323868741605 3125.941049169961 1056.8788811274255
4364.604846522171 3126.085850325715 7235.163674852913
4425.3771382470495 3125.9810288188455 7.670363633868967
187.78531333039976 3126.6583516171777 1057.9699456002295
966.8123829892155 3126.5563170314335 0.6741581939714036
2518.819153093978 3127.0656020093375 305.51189442719823
2974.2068604473197 3127.2786315297617 41.966795893066426
3221.576477987109 3126.6266592598454 55.455946212846825
3370.924306944991 3127.576206983318 795.6965091711038
4437.7785946202675 3127.2403293002494 9.36647154099332
199.68739321254947 3128.273231872052 17.13833804130526
597.6341687791885 3128.0671145239644 264.53489279930255
3159.731206009261 3128.4359266890833 615.4673968640616
3242.4310945525767 3128.5814447788307 1005.1216829877375
646.1628315874261 3129.1973819616196 381.82412840230796
1030.4946578806032 3128.7943695985414 114.70667748794499
1238.0824275976038 3128.708713619476 42.20244925639772
2141.4444736346054 3127.8655491981976 359.60100579882817
2599.614151132513 3129.4753828396224 145.79365589173332
2708.830520832118 3130.901533435576 644.7966523880829
2748.79744643197 3129.1998705033125 21.062437854547376
870.2915576044255 3129.9085234227773 56.347640265644536
1318.6618322787112 3129.8995312505754 105.90655704621994
1760.7292718721153 3129.6481172814947 86.48340461665741
2264.1777516674792 3130.468636023212 17.954569037842482
3922.037207552474 3130.4280183174105 55.82821898990087
2373.084866093802 3130.9509538142543 4.305063987998957
3013.1310776064815 3131.392921595555 732.7202662561031
4006.8475153732834 3130.8995592890783 99.91154846050325
4051.2890239916537 3130.7238617865996 2544.2461864177685
212.17118126050687 3131.7077863970676 5.172986756370606
1626.5266763628197 3133.546050744757 530.0813736730681
2608.099326917573 3132.3686192573164 128.60661564012895
3071.508432472535 3131.90425686838 387.65800317710875
4443.682125296134 3131.6551276280766 19.730214015325164
4452.893589306342 3132.5119258350105 15.405296811731397
3364.273680502548 3132.555307624536 20958.36107525012
4370.013686473522 3132.9114095977984 495.73596377334394
1031.532840510994 3134.184737854328 21.332899683847653
3158.3131542794163 3134.6538701081217 600.6538954115636
3313.6759227150196 3134.575717537276 16.63602859029855
3369.7075941041107 3133.766516273306 8949.844003720944
3670.753839926065 3134.2211698319716 22.6094488457343
3812.543076544888 3134.017504539821 140.83967080081996
3914.986827384825 3134.5281435394754 502.33118693240755
4424.166185096002 3134.1812518277015 1.0558879938945784
412.13202189580494 3135.4044421475783 632.7078017221819
1274.795560659559 3134.600382131011 2.1799006921061506
2397.9076097445354 3135.080315866175 41.72756618898258
2646.8918880299534 3134.4621660612493 12.414399171494868
2707.529223318928 3135.2414274718653 649.9977510120387
2768.2618399361386 3134.720974545117 201.24122957539774
3526.2812806026345 3135.4088955171887 50.19607537959007
3818.9859160651667 3134.4398363644923 160.8703687166401
4282.589137316217 3135.4418870857567 94.00652773845405
372.23267656341784 3135.8023446524303 110.58336674183258
421.12823878015297 3135.774270435136 522.2702088172031
764.4704707538863 3136.32049178039 -2.613513181475167
1639.8408264257455 3135.895342353608 203.99057126468037
1671.5160820422354 3135.414605768556 268.13839440861176
1819.7992199181672 3135.961664742764 572.7969891486015
2171.8674601340335 3135.694295992401 4.563576971330105
3862.061831762128 3136.287684228895 7.221345397822371
4061.561678668242 3136.0655752230236 1829.6204318692767
2119.600651657463 3137.485190880568 34.74774844519383
2275.6958265014855 3137.0881536493775 89.4006118781519
3996.6414013491344 3137.461008727557 1619.935272556052
4313.627917005595 3136.897200653135 1466.5831358103871
494.15765613554515 3137.8058818361883 -1.1183611702186724
1625.2189418579928 3138.287442929999 535.8857979159515
2053.2604409196556 3137.8258588038807 31.759733031939582
2077.7485788671224 3137.6967525451837 1138.898052363125
2356.6751301933255 3138.120288698214 91.50631290360951
3065.112299410193 3137.877146266061 379.5867111844174
664.8379904855461 3138.964246125422 346.22267184289785
1031.3288809162411 3138.2643157531406 19.683084130836956
2136.6568203759775 3138.542110188419 22.240915273243566
2939.215656878567 3139.0271021984076 2273.3375072733406
3111.821967527337 3138.931016406926 661.7038132895417
3526.6026601637836 3138.971994186364 171.66096652773527
3549.43030495377 3138.453400635432 917.7348665762479
3776.4809273835913 3138.6330443991756 42.98914630002293
3808.8956944865545 3139.1568016000983 2699.8644371837877
3994.4057968498164 3138.0582491396003 1568.003412306307
570.6292423033947 3140.3898347022878 14.369000428722686
2443.311212084318 3140.4680540818886 1489.942473033724
2481.521484965992 3140.325824604616 13.692931414791504
3590.3360197860293 3140.1699328111376 1386.4844662068897
200.03058796868157 3141.32622167844 5.046919384603189
1110.5549826531324 3141.51152937389 1065.8360149531572
1303.6133072720418 3141.2502188941635 3209.604642600947
3579.958310262764 3140.964212962177 1180.735490552996
3731.269988148819 3140.6409036469013 113.83346500332202
4426.086870327728 3140.4994256799364 2.407437282428788
179.14266157754847 3142.0436076099177 6.906599253174767
209.10909777185674 3141.640569496178 6.648654620879884
410.6719191720228 3141.773237523243 30.782550724491912
2083.849101906203 3141.8088692132505 47.02046664049006
2957.914658946806 3142.0839351215704 5314.251760155567
3198.9712118653565 3142.5260175885483 26.96250620962967
3554.7637488138726 3141.8039529510943 920.1216088355643
3815.5231037432304 3141.5144269673574 144.53086514617775
4455.978656952292 3142.2694338426645 11.906889042572685
508.58191409021185 3142.9968197163216 90.61665300310813
530.5977348019678 3142.6121665633536 -1.6950029810980705
744.0961014430474 3143.445111413147 -1.6915681598070895
1265.6371722949148 3143.0459232677367 2.4905177970366443
1732.8167072230249 3143.406235961865 22.626428812892076
2707.6624195355894 3142.878158227674 807.8653622131909
3962.532773925364 3143.2780042255054 6.690580638804105
4381.535356087342 3142.9013371118363 782.3182859499326
2559.4819020633117 3144.509345412757 18.261168086667478
2790.5518432078993 3143.620241511703 35.95954420765361
2895.2008598049574 3144.1130883461265 31.71234061741628
4068.611943486679 3144.1390536538775 1859.3058433286196
4470.121669540587 3144.044693589571 -1.3281008944190429
227.97312575018896 3144.982665257281 12.68021682552696
1309.9738135004638 3145.4879483076766 225.36811933812095
2394.077113911744 3144.8967152228315 38.672144088506
3106.8400100931494 3145.3777324228504 358.685250148047
3191.5257307725906 3145.21895104272 26.58379235757612
3206.646419291734 3145.349835546642 21.612896034373357
3346.520770206294 3145.1606254818375 2.0412524090861086
3907.221252568437 3145.6082083600063 647.6506767583645
4154.735386688616 3145.0792662012855 43.654093712239664
1332.4236897811786 3145.4277712920716 782.2605272910918
1546.5403228325044 3145.7982421281345 1450.0046170487678
2627.6144955204572 3146.352860511598 1.302880885697558
2990.7432181483628 3146.1477224986957 59.428201020317495
4216.560754646086 3146.1208565654188 616.0247030151672
1842.5952900870757 3147.466512879725 29.1761970016399
2205.2799558205993 3147.534076418422 12.68776885789823
2589.2319038715145 3147.5027068495733 323.3301688148115
3912.6769761343285 3146.8362685149386 367.1312308238427
4262.745422080418 3147.283193712343 83.65444055815726
1949.2639186418648 3148.082270417471 29.1354899666371
3012.061391422763 3148.163360269436 16.472604923209197
3994.8403183607797 3148.443587848377 1544.8571748138472
4066.0379638882773 3147.593242745653 1702.3775869449346
4094.0790658524347 3148.3608195974207 25.40158809441578
1355.155493545078 3149.4426709781956 26.97481213756541
1592.6050385317876 3148.8538343127852 -0.8948508282685783
1669.8479228910217 3148.447624905097 75.30938585058118
4197.538242582261 3148.919389195642 347.48858177213407
4300.546699274946 3148.997867636751 1183.2630621276426
4410.607883882876 3149.3664219415245 13.92225510564828
996.0900970613837 3150.3527467955073 44.41911380273151
1682.1023091517955 3150.393473317858 94.967303568682
2149.816833551206 3150.100897908037 846.3203461097859
2838.5405713526866 3150.160604208388 7.893872792507489
3086.6722043763443 3150.1922364933725 4.77623705814599
3537.462516781213 3151.008621393845 1938.6694735193646
4018.8153917091295 3150.365564805704 169.8651716468587
4391.568332358909 3150.3291317774665 24.25066720027069
1118.5241502840024 3150.9632149269714 148.49036940268047
1942.981973942138 3150.6806950287996 3380.1846758668444
2558.0001862384975 3150.5419470129164 182.576577133083
2775.978161164073 3151.1372943577326 221.0294311003341
2963.258950611959 3151.3459345299207 227.22847190527514
3403.8716964107925 3150.981191392756 0.21779514598091845
3587.619283925634 3150.765304170715 1275.5636218973636
4257.291039852597 3150.793137688676 30.421997468311925
205.4406156427303 3152.252624594918 6.525901540599029
1173.7564946662362 3153.2670483482693 924.5913904486307
1780.7864615461845 3153.5575129528593 2582.3199304454342
1790.9389401305493 3153.3192434664993 225.33193298480322
2197.7718782052402 3152.126207423585 1.2249644370396617
2746.1424599096595 3152.408961496355 17.36568550131917
3464.847258080444 3151.7662113058645 -0.3378919096316214
1107.4006411962534 3152.9556123889965 197.39012237428776
1218.88244016928 3152.6749004347344 53.04657189599785
2579.936732359687 3152.8673823598415 40.25787496642364
2770.64210981132 3152.646499437019 221.25683538731536
3337.5720826962183 3153.582624110448 1.5907246688163499
979.7133376920798 3154.406073254872 13.9334745260542
1844.950441398309 3153.251278196774 202.52935964777143
2718.7472757247224 3155.312688171105 960.7684334964396
3244.7712349980793 3154.3587168539466 1.246418388709103
4346.835610472204 3153.8299307528605 1.4211181275902813
209.2530531717133 3154.978098987737 8.600456024186949
1821.48229223981 3154.827780713653 22.01364803502237
1831.008191935905 3154.94043873183 49.04447615114597
2399.569856236534 3155.2423447810415 40.07221565028241
3946.0153971720315 3155.040997377671 153.80922493299593
503.6611860966932 3155.5430623289944 339.7147783019399
1028.9530719771735 3156.2001637303806 -1.154779178555023
2051.7242894840288 3155.655837569461 15.827249577960677
717.6110983838375 3157.3529927557897 420.24203372572345
1261.423993694049 3157.0640106511514 24.418394600745124
2667.217318190813 3157.1979896889134 940.916543576704
3978.6811454758426 3157.4728602246255 477.1475821022853
4290.081336828543 3157.2231964351286 407.94346185279795
4428.639935877343 3156.52713063662 3.587139567293014
338.7138882582591 3160.059607644249 895.6462868804908
1193.6724155093984 3157.9246776615582 20.314642768641548
3720.4525980821413 3158.0285793775056 38.06245392834576
3990.3005801998875 3157.8475870813336 485.78634238022624
4136.625954694927 3157.758150246219 1498.2785628216427
1172.614655081896 3158.022530215234 121.27330991105708
2538.6528923299 3159.0800600393795 637.8996356424468
