photometry_outputs/hst_f814w_flux.ecsv
# %ECSV 1.0
# ---
# datatype:
# - {name: x, datatype: float64}
# - {name: y, datatype: float64}
# - {name: flux, datatype: float64}
# schema: astropy-2.0
x y flux
[from data line 22503]
2389.7185554773455 4077.6194726431986 43.34177983920431
3381.60810004549 4078.539910471097 9.429205697538977
3492.460982196888 4078.336140810863 79.72642186142033
3771.362176451232 4078.4457212741395 37.351392508940414
4438.118750749045 4078.18657082633 1463.7649098044692
4451.27899026727 4077.685749713288 67.4099592943036
700.6914963716335 4079.0137598914857 149.32950642182894
1239.5591718623743 4079.4700168907857 39.37755267679747
1624.8659946694872 4078.3785841893 4240.515412540043
1630.0559239350605 4076.7012496760494 3379.1100547821243
2141.568047625809 4079.103258517482 69.31250536643577
3303.2208001054273 4078.558785886837 4.121904119115752
3998.2268149022543 4079.4127638807577 668.0864756805224
4144.323855696598 4078.4024772343073 1346.847529268383
345.54829439362766 4080.328543966859 19.17462317033647
448.3778434298912 4079.852837806815 53.71560796686166
985.7510059162888 4080.09029691159 5.337243774047597
1059.2572779083282 4079.883425042369 355.4081938446126
1551.738857875439 4079.3444804654446 1407.3244207691353
1884.511565555103 4080.3675516509916 14.747307581519243
2706.3121504666506 4079.9014282809744 121.20163164211979
2750.7563015407613 4079.744393290255 3054.709618798896
1652.97452191819 4080.9694819174124 89.13517150538644
2152.637775388317 4081.3057102598364 347.1189684216533
2205.401297505525 4081.0820654870854 168.37193915591374
2249.457174962584 4081.131948873046 1.466822764250716
2581.839967929024 4081.7929769188204 5.812982100012185
2744.424484302552 4080.98281695494 3477.720955672839
3050.0445184240634 4081.352110315507 33.63344070031731
4205.975162651909 4081.238240145445 35.44167325338284
1002.0708168675574 4081.4198846054474 797.0363135273338
1101.8365276644633 4081.810448801535 829.9656383703893
1291.790051722518 4082.376442445473 52.504010879590695
1558.281378298295 4082.5572225931946 350.70878251394777
2566.8260585520475 4082.234654158854 -0.7609481289080158
4492.721396210273 4081.879338458241 16.579287889237083
1375.4224862199342 4084.4710030439137 1867.536559377193
2174.904289521799 4083.1718660051333 38.92573271351197
3192.6020265562865 4082.4308033265593 31.562330030683608
4469.6980764973905 4082.453519330831 13.850461935624004
4479.026618776704 4082.887836313488 131.67740368700552
613.1392333964284 4084.429064891575 87.68567182116345
963.1842637109243 4083.9545002886157 2.1947341258633877
1425.8207460558456 4083.7649292590727 2.227942919513276
3221.7257660773735 4083.538572949813 113.3974589625927
3504.382503258457 4084.218734239532 115.20022236460497
4113.788010001825 4083.8266509520618 2.807208166304043
4438.491668812151 4085.927768268162 2746.2554625204816
2473.5481926340444 4084.6272204299944 2.589816435572166
2854.0141372970334 4084.9012739032755 758.6276566950032
2885.3233801971073 4087.476025524374 649.4588880622846
3026.693324272061 4085.1672823448907 340.686923401061
3372.82876398158 4085.315087786136 373.1819402032678
3836.380542148086 4084.6483230128592 55.06546997252839
4224.431465249037 4085.2958710440207 592.3676808694053
4428.5316119568115 4086.188217031028 2763.736646405646
1079.9823771154838 4086.1320877235157 1256.5878650268764
3235.714314779421 4086.5553283828417 66.49601330984231
3787.376241138043 4086.3098787387194 352.67479861637133
3846.129566673248 4086.1378069015723 62.16984220321042
4124.519179361614 4086.3273648206423 15.024061363193809
2062.8498028479166 4087.2873939042324 109.61599615922711
2133.5574348799787 4086.9543822851347 6.764128334528104
2442.91233750263 4086.371415846606 51.827360290783034
3040.313890307999 4086.9673982325835 297.1088246606913
3302.285294844348 4087.4336645737158 25.86864368236881
3530.328852817014 4086.5959641112454 786.1556548271003
3731.866843474241 4086.6767570349475 1893.3621383276502
3748.402749107801 4087.263264715094 184.9180406783322
774.5537086277847 4088.2479375225844 18.194622896025294
2709.638419602662 4087.9675942943636 100.98736105414136
3370.0605231043055 4087.9431468274474 315.6007818749883
3859.305052654245 4087.7492697311 7.4513168633493
4180.250906145825 4087.9656293145836 186.2949157890144
4235.658314457126 4087.6640207695873 46.59238323892072
4262.470434626784 4087.99214477849 5.485612873220153
4277.551901195891 4088.133730458976 23.712742107825488
4349.716147125167 4087.959711487161 63.847853102857485
767.6828452818767 4088.5207358624416 2289.9335600513605
3005.1625294894056 4088.8191556916145 13.572920925260496
3716.636300547172 4088.759511557048 8.889243906700099
1032.537345949101 4089.8229304609913 100.90926394826066
1891.7560839110113 4090.4243986154024 29.35332471882388
2146.318533043609 4089.64908262186 320.47846818896073
2525.729831035609 4090.1167799236537 -2.178762269048467
2730.5018981842045 4089.5243042586885 87.77409646724385
2969.039624616051 4090.689121625631 2069.764004698039
3275.2731356786226 4089.8168025959835 129.62997603188668
3735.9534202590658 4090.036960897179 268.1917887298628
3464.751657387986 4090.5405675404154 14.968775713182358
3889.4978096096293 4091.207566629284 582.9283138398325
659.3922864323458 4091.483407504919 30.15564968150322
1382.5038173176008 4091.7636867598235 87197.70475091125
1389.3437340813466 4091.856256262129 1785.9876143220747
1456.6013163765526 4092.419445830665 69.03575077148976
1901.8433820423181 4092.045516247328 69.70517110295339
2206.242199645906 4091.611641748237 99.03773561687869
2883.7437238135117 4091.583343865926 643.9734377678807
3165.699531982573 4092.026132442364 337.8932410528665
3290.84854881728 4092.1742893133323 38.30422336837641
752.7546942709943 4093.054738161295 0.7141854444652797
1815.7427928511095 4092.839542482271 1998.61506103212
4442.517288693463 4093.4632629673256 2912.9389148381924
945.704853382534 4094.367958387572 26.499333117274524
1600.6554986971182 4093.368098344766 313.9290452455274
2893.1992044493163 4093.8857719084717 717.2982057727604
1034.1899288164961 4095.038936713448 87.69125474799124
1316.5528707182395 4095.4559332717336 955.5363054433236
3140.6709082284133 4095.412318984965 5.525329731913182
3315.632681859919 4094.780558308924 17.652118203289813
4201.867533160873 4095.4863410726416 157.8747956275314
4242.8576308082465 4094.3778513330485 22.62318768684721
4440.398947758455 4093.822792135373 2832.5016615741592
1326.659872843665 4096.223282511596 45.17764792588264
1859.1297911873394 4095.6261848087565 13.925524915575767
2259.0422697256895 4095.622168142639 3.974174356721739
2378.866764902973 4095.6311252300475 18.656022853599584
3421.822408653316 4096.078220250843 0.5638674874468335
3651.314552323309 4096.238758566483 62.4162713150519
3803.6530595226063 4095.608984443738 75.7843334556211
3933.632981842863 4096.217628828543 133.0581319556042
2382.0688972635553 4096.578894042266 331.18867050459517
2855.2597296683884 4096.57575634132 819.6828172536229
3085.4661107208367 4097.004010354506 4058.3010903180752
935.6874387866443 4098.135159333364 23.417560893555443
1494.3373457071941 4097.571554283461 926.131326442486
2464.109535866745 4097.539179260743 53.82051983523756
3905.5324916462223 4098.535652697699 1121.686218517431
4045.0448510508227 4098.224796277129 114.12284586377208
387.36463943235987 4099.49078944154 164.5325864278635
964.8051563272039 4099.081802315473 -0.25896953522997307
2708.828221371062 4098.7593952923935 142.0415467688729
3550.311282483252 4099.3802822868865 1627.7180182936618
4396.910018604979 4099.020648263558 24.737694196793367
4463.533771705649 4099.353043439957 67.12808547045124
902.9220379057131 4100.495935601907 10.976565104017833
942.7423833941988 4099.983196449451 22.405165768197516
1275.5525484759676 4100.080246964285 -0.20825462885288135
1489.988538776791 4101.77294612292 831.0896780848726
1914.4510138976652 4099.988013552523 156.10680107144637
1968.1671347473418 4099.62864440864 16.943581935016216
2585.3387656509517 4099.763420129446 23.12902244238523
3627.4715322063475 4099.716754635351 103.02664133672144
4412.002357895516 4100.452482430579 3328.348306765965
1304.1762330059573 4101.168053309081 1.1100999893198402
1985.45310598384 4102.587341690514 27.47593634813992
2072.3701156316374 4101.25286424079 67.42660268784194
3088.0479501484165 4101.328171948508 91.49124812280364
3258.6228782968706 4100.5077163856895 3.4507952595309246
3403.7856365866123 4101.120918555404 10.517142816847171
3504.527104201169 4101.077835012031 85.85157473347384
3524.121932418825 4101.286103367441 211.1320196199065
593.578646006023 4101.9249630062295 674.3295118658759
1038.0710774386582 4101.9878996891375 91.3438912005705
1084.705123041896 4103.278725403873 1498.4778455516125
1634.6230767136701 4102.208853108678 19.854960232394166
1948.1014042018871 4101.531973352651 66.19186853814806
2206.567409088919 4102.519495696242 155.6004198219238
3154.4925915430517 4101.990447410109 234.20670804557636
3357.6441283413524 4102.439880414474 483.80761159487787
3463.020061568306 4101.877543357812 26.657082066844577
3870.299228115047 4102.071053119926 979.8658851514908
4051.905657447475 4101.829656101597 111.17936613527719
4477.188274624674 4101.504174844178 63.2542718083995
4496.739379460583 4102.127159609175 545.5291768010414
1329.8726428581926 4103.08903250247 52.477115914113725
1405.9264976077213 4103.385611786344 34.834250313053495
1573.5506264732217 4102.5460518907485 155.9024144835805
1579.8943467162956 4102.8177455259365 18.45903575230549
1778.1378323658662 4103.190611007652 117.80522146641268
2455.6822803790224 4102.780360669889 85.02357726473595
4340.971040177343 4102.964143278109 4.991212782130748
679.1023159156387 4103.4707560019615 1.9972581420407305
1465.9472301436892 4104.64593582309 1040.0641797293042
2175.9874755162764 4103.843856615578 1357.4870638875875
2417.0552049122257 4106.02433285157 1062.1587706105897
2709.496860999916 4103.554269611532 54.889528309183916
2914.9521044308117 4103.650248135209 3.706984013321652
3071.2948693083513 4103.564567172088 110.12684054582725
3567.891007081994 4104.008486441513 12.16667844867948
3779.656219019833 4103.583641681207 9.97939915203261
655.0307253948844 4104.66448504018 120.05082384594233
2842.934339299839 4104.404217582979 178.9797038769221
2890.3949695647334 4105.251335311579 232.8628022739327
2997.5828456640593 4105.326151266075 342.0767743097762
946.2942862972731 4105.677297214125 26.68171813307185
1213.33936652241 4105.453828387927 77.36627365734351
1488.3450770637658 4105.958583647637 820.386449832386
2817.561491664602 4106.030730462659 8.935724568923769
3952.3519396003785 4106.551272075057 482.6715954294404
4026.909960381906 4106.460278319253 655.1380831684016
4065.0177569965304 4106.4214090941905 33.322473919599425
4281.233757868282 4106.301845069809 37.951451678014806
4409.529268289952 4105.839514859397 1872.3720441558237
1543.5658201079145 4106.912008592157 200.68829276322697
1588.7026788402209 4106.52055260725 1902.2405958515142
1760.5944774597901 4107.272531386349 16.311389232061195
3440.867732905707 4106.624907846884 126.80516380539262
1090.4366385653366 4107.053563410202 1503.5203726529091
1166.3487021020685 4107.985930102264 42.51013234978212
1758.1555389977368 4107.497707287399 3.6468926688873244
3152.039789301837 4107.4349598846475 235.7238357761388
3265.024709177909 4108.273695701284 12.707984913309405
3366.6311739023886 4108.097273757104 507.39637273695297
4453.70154291118 4108.100057493866 17.6888177125008
878.6721890269438 4108.964238549774 40.21399638826923
1082.8135192158522 4109.835534170064 1508.9562445654055
1836.009818538256 4108.783885831855 2079.2809465738787
2068.8674849410354 4108.439711435572 69.76834450059654
2078.8705928851573 4109.202798999947 66.48597630557559
2385.755147979264 4109.161120359326 149.841701416505
2871.7065441256323 4109.293938417165 28.22552355186436
3062.1617417387906 4109.570256717181 98.44913904741394
3393.7550192909994 4108.972345342216 280.2783598054104
3887.59306049862 4109.320784821016 161.907875231722
4101.748512826855 4108.965395480589 2.5030039399066055
4496.830595257746 4109.316277320576 1088.259653517868
696.3398556354618 4110.193141592696 1.6967698555538948
863.5290815569564 4109.409332550957 55.857706575668665
1658.003718124383 4109.875769654095 87.26464620376974
1969.6753534492468 4109.399319239539 16.016302788658578
2228.3614729633214 4110.22786212138 749.7836597385972
2415.895219498605 4110.4142041142 33005.90350884827
2862.649915880546 4109.739970881563 598.0168996746523
2935.1918165250368 4109.759148883274 914.1746938864364
3035.8362268428327 4109.984082758502 3.566409141605815
4382.552101073959 4109.469885625799 2.136246950664107
2392.2120003493287 4110.563724748958 238.35966365419236
2450.160318137311 4111.321324186284 758.5953430339016
2927.8265349840935 4111.371065475505 106.48423529139535
3924.057813358003 4112.3572529889125 1623.8968151361464
1148.6029582312763 4113.33524434922 1253.6589549767996
1418.5088008214152 4112.237821990884 174.09096190384824
1888.732819209262 4111.684601246268 6.093171528061401
2301.024311655138 4111.486716353902 1211.896320180831
3856.6020506969126 4111.871568943058 140.09205568841847
3914.570960878158 4112.79686790909 2374.5550187936065
4025.515361976041 4112.513756243961 641.4729307902699
2130.2676814945085 4113.114215415528 33.06543067887931
3605.2823849417305 4112.9555035542035 86.90630860369212
3695.214749071414 4113.508451194542 800.9102483180579
1726.3514892473586 4113.467655709312 104.45609442498767
2425.595547221107 4114.125360074228 5761.749673802311
2674.8900886976917 4113.906988379433 0.5514151462057636
3581.4188275244774 4114.333766729604 14.602583939914739
3624.3898587957674 4113.9601319136855 35.7005178760574
4159.097856174061 4115.718585560682 30.165929684059996
2444.7222830458886 4116.747865062678 23.833309874871365
2712.3473709139867 4114.732787779287 48.3747210001929
3123.187261372691 4114.594503867239 20.77643419723275
3190.3162422109226 4115.478261601098 20.144159911628268
3690.696884775905 4115.575681954322 794.0492645534571
3862.3405872564163 4115.052858226752 85.33976112540603
4130.243173944889 4115.535580377822 392.9482345627689
4198.758300547789 4115.089019652153 30.305812724658352
4290.858898880542 4115.210262595787 32.2185979699158
4462.456521140099 4115.27169588695 10.241463649821675
1535.2290114043014 4116.334819871818 15.388271804863917
1857.2497924992872 4116.183856445859 23.549810999417154
2239.0727542274158 4116.021179000692 11.479119343393124
1457.7714138685942 4118.566699232559 2866.331380584765
1513.9903082754388 4116.391665182274 7.5286952079899985
1580.521340421674 4116.631787167283 55.15824478835391
1955.8998534306343 4116.493122843578 11.537503684974117
2413.6142918084 4118.791602928126 1328.8405226822128
2913.647250084217 4117.0613633983485 2.876076295848823
2981.7562832371314 4118.699202607439 2605.4041553261463
3758.1716327985337 4117.471261211647 73.09041948822238
4234.402843585155 4116.840026445057 23.186785916201885
4356.156154461228 4117.254171847528 5.491175108335819
723.9709634594667 4117.943318223029 40.009464146554
1410.9560507644449 4118.323957548743 168.43141470046268
1447.8934454392074 4118.6706454200485 2858.2513201727807
2731.7607628868395 4118.287141696346 2.6157861396579034
3816.5938966810154 4117.936542489139 11.52790544960956
4064.4385368802205 4117.681469946497 558.0732735602296
4424.521197301921 4117.879982567575 26.939070727230213
402.98641193192844 4119.424582820151 3.8679248595546705
427.0090326752153 4118.646518618892 4.421517056659916
1296.5942999984854 4118.713481978378 -0.2429770840850756
1655.8627600631623 4119.6448332499685 95.21735370078616
1820.4457427335567 4118.393375605974 2770.34478623484
1938.0534859188613 4119.286453356066 1.9324004259972383
2150.3421039302425 4119.880106712541 12227.072861006383
2824.0161917992295 4119.481810440177 1204.7317382626452
3902.8554938440057 4118.891152937854 89.16178795820039
1599.5098133395725 4120.228114509587 2052.468791546174
1998.918968317052 4120.723421188546 119714.15256011266
2624.1074919672596 4120.141720891442 57.91289253428287
2787.62994552796 4120.050761618745 42.92646399279432
