photometry_outputs/hst_f606w_flux.ecsv
# %ECSV 1.0
# ---
# datatype:
# - {name: x, datatype: float64}
# - {name: y, datatype: float64}
# - {name: flux, datatype: float64}
# schema: astropy-2.0
x y flux
[from data line 577]
2810.6048661338523 117.30164402565181 36.84964667319701
3236.197727379006 116.81388984528446 4469.70124625034
3620.308195393646 116.7647570024571 195.3516380961118
4069.3901228271957 117.0370599196342 4.211763878644444
976.1947943975547 118.17894746762754 -3.5405566771473196
1054.2588472741052 118.47183507733986 13.060483287072556
2138.918014743042 117.54901318800012 0.5042480389297321
2543.809808442936 117.49677608363571 8.697606649162596
3007.323731517717 118.13513205917779 5.141104233014411
3298.7562450490336 118.17681917252021 14.66492480024647
3886.333098108653 117.51783936377585 -0.647635172445544
3950.9877686572286 117.91442479729501 9.970921542203712
1368.428010009997 118.51568946018345 206.2092293260361
1910.8940444621699 119.03051386014387 5.329479348443323
1983.692439900583 118.36197252884362 0.47826519068010553
2152.4804846812217 118.92643667991989 -1.3047082969471762
2292.0267391572406 119.08336472971375 2.13226253448965
2303.587481841571 118.7071236037469 8.02634658941291
2631.93767197461 118.4875304004312 12.281657009152008
3077.630640425579 118.94519863980312 2.245687543180429
3218.521277106313 118.05093814019322 21.94296117270727
3222.5564565646378 117.5328093042882 32.82539462265176
3232.6550181825255 118.73229568003171 4202.962443625744
3358.5866035120594 119.00114458046889 11.5488439931385
1328.9229316391254 119.73038667378842 -122.8368427163224
1658.667892984756 120.01202089398757 55.96003538365647
1904.6201315775645 120.09371944513576 -0.8745749103832748
2570.9848501014576 120.24642848190705 -0.6979767758238953
2625.389616166478 120.70881356836236 10.159960834840412
2683.4972619374903 120.23110129725613 11.81958186130421
2930.4796534926686 119.46080639083571 35.44393727241829
3648.2600861300725 119.76430419494893 4.0012290261921475
3681.2444298912433 119.67532163632724 23.39383041356457
3821.5844050177766 120.44536392120988 -11.206809974667017
3880.699954455392 119.99185054192826 5.395005768211066
192.74236107169628 121.1905056664899 5.736707506123038
714.8771506140124 120.93893582675793 -11.470819601198631
818.894887492197 121.20690346213696 -15.715028923551213
1685.027213390206 120.77819904937068 4.1925721036495105
1798.080621732638 121.40159970500666 58.719416241763966
1892.8344351789208 120.80026445478586 8.750090358121026
1979.5573348735047 121.04835755092411 0.7963723883223821
2164.4073008399505 120.64638522417158 9.799351998998814
2341.370642951929 121.29634817621728 0.8751764496418473
2622.664812193357 120.88216983407091 10.588579201704988
2638.698010396433 121.20745501927955 11.031672638016488
3287.004194152285 121.54265030127638 11.791099970989352
3383.941036562754 121.12337659337312 15.334181365824145
3388.3338419139773 121.2789127904504 190.46337363196918
3395.7976222873453 121.26347277737726 294.9529355133699
3472.0747349793564 120.8581676384374 -0.21017377177287114
3796.0924049756395 121.19858171109891 13.258006254668341
3916.7347450374155 121.37412964738506 30.08189960670711
3945.650106872209 120.84274954286428 711.2966279965547
431.9680823451895 121.47692438199982 -1.6852277177741861
501.44356392170494 121.59819078757432 -1.3665223724947948
1166.7051739964757 121.60453499908962 2579.9934885906137
2309.45622402158 121.7963491638295 9.486919010857958
2328.276083354013 121.77564230107652 1.1971631608202076
2872.594586499328 122.28669909503611 3.0623143659686782
3140.9078278240536 122.15882394547457 8.838131133525023
3413.42389449322 122.17154323499668 1.578028606405059
4045.882420507357 122.41967501503837 5.1112989092830325
1387.0361377756683 123.56920772359435 20.02834035269389
2104.1733102595426 122.89807031008405 10.418030456316973
2378.3531693441605 122.83868474525451 329.3885423422651
2410.593352638488 122.5314149410983 -0.05748074514275398
2432.2737787313345 122.58086933791687 4.955329653300265
2506.2672106936743 123.15603588552996 -0.7906679609482985
3119.308310441695 122.54509054746653 2.4532521080308536
3235.432557868963 121.78681853327909 3927.8208005606843
3276.65932667711 123.1639091076876 21.218930891110173
43.64873191415838 123.78158353910239 -0.10454809752657782
2646.530675084909 124.03627142931255 4.074314022761074
2755.9941456086776 124.18780017392915 2.4804634302871915
2782.0166815915272 124.38433108274944 59.58729630590819
2939.868047194814 124.67880495474027 32.3634909674024
3082.630989683893 123.7781972060561 3.36069118037812
3281.1100494279153 123.94206281980568 12.337620748605383
3430.5998918490495 123.87546329263344 -0.5493713000313225
3777.1947995712067 123.74013023143378 0.5448303006290375
3954.427045127489 124.38147126759152 7.523051472090912
4020.9885920267857 123.74200229292607 107.41243661643496
4036.106841448647 124.57234128794686 127.21834988755789
2386.1336605778097 125.20263319195449 6.8764745788476045
3221.0980074565005 124.74487205315033 21.818832526996367
3423.5956384655697 124.53950090071956 0.15818242265441032
3602.846506856625 125.53872984102121 20.733425050871535
36.121032214202295 126.1723147128553 -41.411817790401486
1678.2444668304308 125.62236454012998 -1.05276530980456
2541.1527844481175 126.24910467124803 3260.476896599059
2629.860758353521 126.41402859684855 -0.13494595180397878
2817.135513775403 126.56888147038758 45.723946726598356
3145.4967544844526 125.71451516612488 4.510519308830006
3291.8096945295374 126.036127195338 10.334844956787567
3296.0491054898685 126.15752524091374 9.964300295048726
3394.8754508401266 125.70164876075683 349.64616493174333
3608.4255903703875 125.75398667358634 30.27052782562952
3711.007526956506 126.71924468808542 2.1534658166268144
4048.0683130012294 125.76334082136788 17.413993823124393
2210.161250357023 127.22847992005015 27.020221708646638
2345.4567852328914 127.59642638455914 1.957502613246188
2693.5543080975635 126.89788093603143 10.618556716809065
2732.004419750873 127.58773909939568 0.7105391804465394
3233.126618273365 125.67758628355735 3699.564303887515
3473.5465957984534 126.83660328673953 1.5143794693194816
3876.688253540523 126.50169263654223 -0.6524892519760188
3682.509816542156 127.99807344745334 39.537925567252316
3801.7466960740903 127.96250084263556 70.28477505654463
4006.6098390268667 127.91421962944686 -0.7209745497522507
204.64823279012072 129.23842940515388 150.32928525040504
963.5541881752025 128.75910150377513 17.39860303733581
1105.1453822991532 128.65929873462164 -1.9136463537062312
1413.2687371481 127.982029909874 38.49666466010613
1481.0534692315377 129.02780869642416 -1.3869400967202223
2172.922759752131 128.91738844397776 21.381522364307955
3332.5481201120087 129.13241827854304 1.6899642091066753
3432.8925294373353 129.23505550566557 2.23292124964528
3696.8125043494138 128.81389689485604 15.480184311148248
4018.1179303286167 129.5856769094681 29.587252204502448
3146.446842669358 130.32236074036152 37.03863736339489
3338.237004103556 130.0250027916366 1.2382879897221049
1364.23561895539 130.61338888395454 113.01110139961206
1648.6112522758647 131.1952203916709 7.5783329621616
2534.0920169708816 130.43406867324748 16.81775319676416
3104.7308286402504 130.77554825424997 0.49223788025395276
3218.123784883922 130.98131406197638 3623.015505602315
3467.5410560579485 130.94365744113497 85.55142153582314
3533.6388120809324 131.03316032154942 -2.6570467484378404
3557.773435857456 130.96453946959318 -17.107561713707955
3682.556630110421 131.15307810659948 28.644658650514405
3824.939992102709 131.42489393982268 -0.709556669538341
1616.6120184522415 131.51565600663747 -17.094473480879877
2483.9622700869936 132.3120468864193 63.40527830370257
3459.188444844402 132.0969173379506 56.40630710618308
3775.9482486588545 131.43430609699215 2.0955497174633493
3835.4481050487498 132.12187746692072 -1.1620347946523735
4021.910046520435 132.99882426093404 8.115057666498888
58.407564051631944 133.0978023676101 4.509414315102093
66.3452905149782 133.23481608717438 9.834209987857077
1538.8472949669433 133.30799351750906 -10.634337502745508
2102.555155215856 132.65913553685255 174.55680929372664
2363.036758560716 133.61555412136022 1516.0326695918038
2843.87730782313 133.24899243068023 1.3033070262749415
3734.851477066786 133.9357347113244 108.89833552854533
3799.028851928569 133.3443130390049 93.84224577940643
47.18975796128438 133.89984873698566 0.7222951742579575
1048.5657249317178 133.86368580505393 382.86855824645295
2513.606306746121 134.1780295538573 4.360783288565205
2525.0253292744205 134.05136875343422 211.00455216867167
2963.953519053678 133.9602762059682 1.2016590421889233
3141.4446239841704 134.44865642126425 81.4330696269114
3467.1245017543006 134.16252340731546 85.48821906205939
3732.3697891309166 134.14510022831382 88467.2526363666
3980.5904827946392 133.71597686773862 258.92984492007946
4065.6782829082913 134.3196529456432 18.269521896865
2448.5284844298044 135.0847868437048 536.8492733036086
2517.29754716598 134.90818669227286 303.01767708182143
2717.617809770459 134.41359877178056 0.0968315947263174
2985.6903473750053 134.73693063093316 2.5205950207038366
3031.677117882786 134.96978949549634 1.7232005647012631
3781.292128483915 134.6440621672041 15.750894125647754
3986.4094084211356 135.39175748497306 6.684429745644692
1782.9908977848468 135.93170880762415 34.64484010698595
2771.1176367076864 135.90632514082606 2.0277721618502103
2826.3523324631583 135.80910315983922 2.1877631579580132
2991.790710396007 136.43660469021415 1.4005570550589435
3295.8684933990494 135.80491237088486 10.570012676194061
447.39057986662647 136.85405793700664 -1.7455249851670618
1710.1866591561231 136.7953072763845 47.27776409683036
2656.480837047526 136.80807960082015 2.776664985152332
2908.0540951294483 137.00771082635225 1.5362174316514403
2938.883425386886 136.62177829778332 5.891689792587766
2944.106485770692 137.53876796013503 2.7707186932083343
3399.0251532576567 136.80215947166653 9.4079415166198
145.35447723612984 137.46869724784491 14.7628485881396
463.19995212162934 138.25493349550902 -0.6802890197010837
839.658295707016 137.72777684620124 -1.621759487352231
1728.4376420529939 137.74356490691403 1332.378794654585
2386.345214336516 138.03035845119516 11.095976213783386
2541.5303676011363 137.83345362659415 184.33591445890116
2910.3559430865585 138.21367905563372 1.6538671761429014
3501.3567771280523 137.70594397860762 -118.46714844351318
3698.2819548183447 137.51636421068358 0.915818859470048
3870.4119868017424 137.93844753150367 -1.233003392013832
4007.981936319846 138.5886306750432 1.1387998756227942
208.58640583253987 138.87696468524481 21.11036303939266
439.20536817641397 138.9816494507961 -1.1081783614868985
499.5940376147777 138.69418810233356 -1.2147635281923115
1396.5712933132106 139.1738640195531 1845.3327712679634
2889.4673598858135 139.07540823460477 0.6002125817620206
3429.146606934802 138.73377904956484 79.08197786235644
3778.591268647523 138.88187910431026 12.738650698515062
54.951415212370186 139.42875296244384 6.382223847246567
133.95453012267916 139.9325378511114 76.76453159177247
889.6076200529213 139.8449462676878 -22.90204363879688
1015.5055195068122 140.19807473111834 8.338038581416352
1396.9402241398586 139.30186375590432 1845.3327712679634
3022.2841927065183 139.77922730969553 1.9780023738668229
3260.270834062079 140.22786066259127 3026.979152153309
3460.387989068002 139.7782733554178 83.81879162105184
3602.7598891870794 140.0451882018629 -3.008718822357896
203.0414102124908 141.53705848509043 219.18810723995327
1789.353244625822 141.46101180744756 19.068608278184193
2973.649606433395 141.57578300540862 3.2328716427121815
3229.6991903509584 140.17708914159516 1317.505973393829
3703.6274667118214 140.40933754900746 38.39759900697954
296.0391193192 142.11985016023394 9.64597044268174
942.265065239685 141.8108817782551 -1.681071883139439
1168.8770346799286 141.48636521261008 8.210742600621096
1326.1175003948408 142.03379709297835 -97.43387042269265
2025.5862702310794 142.26464984924309 8.800978693740515
2942.7656198242576 141.94078333316796 1.4062652036010677
3362.214819050036 141.39609262975122 464.0939120879056
3605.95767636981 142.09333576562628 -1.3396171121660279
3788.1199002716553 141.93701766769297 35.66920050974537
4080.8031198946146 142.27913722712097 -2.3961243836755837
3260.416118607655 143.4009723955668 3321.1840477565493
3523.240507734649 143.17122156276963 -1.2964297232630344
3530.374210586184 142.9323875738574 -4.332406085834758
3989.7194970268242 142.7037810162082 8.856220249042865
39.86024589936982 144.58942396410762 47.748785395857624
90.02094547525816 144.3370669753769 13.348728020435594
3446.446397431114 143.74439997849439 -0.7968085198328058
3747.0951888636214 143.80777170162438 2721.9165158159976
3868.8879659456275 143.56469165620342 -1.732144108328759
2278.360123450394 144.63652334549843 22.800213402975746
2515.857070499034 144.82681987677705 189.46161760500434
3335.6302281392686 144.74540885793996 6.131240806365367
3822.8934934119447 144.47091197488984 3.042104923855714
415.9133475030947 146.06638906243913 -1.356927355325263
541.1971659673524 146.33906455853943 44.818010354424935
1877.4491468836136 146.01655682534582 6.76451483378885
2922.6631894301518 145.46501068097587 3.081171546515111
3284.2312455460624 146.00595507548758 92.7737220244755
4038.5527884002354 146.54580177714 703.7977517795255
4043.3164106027557 145.80935573265037 697.5152234996729
29.067050890219395 147.24386796619993 1721.5475859226149
1797.342244304667 146.88932182028722 178.39017530542395
2697.9384113096976 146.81600916691767 -0.4377348997718409
3352.796502352393 146.89295008400995 34.89563785993296
3855.911251544462 147.07665060764995 -3.803801364185558
3961.3231613305247 146.5846800442038 1.439678413694462
1389.6590875276038 147.01557945504123 2882.285733559416
2012.3719323027867 148.12472832723503 -2.4099853032241767
2061.3215735404237 148.46868928588876 -16.67895071683148
2445.7001095526625 147.72060145291516 13.30362409835103
3191.556033573413 147.50712185298093 266.8261123542941
3217.057526666519 148.2584914244705 50.88693439144888
3249.905364561108 148.67308808629954 21.951619223320904
3660.5081142087406 148.0977613700433 5.937228449357054
1970.45670050343 148.9516648096667 -2.2296917949750004
3227.0295485766846 147.3296379867808 2331.900971129845
3433.095914420209 148.5997266570404 27.281029622513415
3534.6179360066594 148.73646113399147 -2.4427510316707295
3538.599215951273 148.88166526282603 -4.20018877260121
266.03622267902864 149.99100222184117 -0.9213960636308142
292.38582196003114 149.74248346061322 1589.6796509339351
1637.7501538916626 149.4679624879254 -1.9826564304505248
3312.6341136749284 150.3601281645761 27.366168165132386
3962.2944598058307 150.12278151997683 1.6503169957772814
2225.348765791636 151.38285917696675 -0.8607855462546341
3611.7159924599655 151.33885389334498 11.781087322303753
537.0666533853683 152.05727631546665 10.665782860944852
1289.5463953255653 151.79531969781823 48.46562663004953
2198.2238322081275 152.20615392837414 -0.8021912750522168
3259.1881264388653 153.31169384989698 3848.390397206209
3442.6363800343865 152.06867706411563 11.95690081787263
42.95949125803365 152.8648490322943 139.84108608393282
1239.78548923541 152.92629002357748 -0.6653784047749008
3965.669223408819 153.21998734676296 17.889695598219053
4062.0143914890264 153.3792724886316 5.888564450350946
71.54570630726059 153.85208806792966 153.48778899390382
2966.1275962197105 154.308855633783 0.24694010807027522
3791.756746746675 154.59697410950903 6.574258532895855
3998.367535958719 153.61195135708172 18.308873807437
640.4502139723627 155.17072999862793 28.909038288088617
3307.3555496377758 155.48559373203716 279.98899314602966
3631.6735939558116 153.87759932974842 -2.0455218795863006
61.61729737496456 156.18072250745416 1.4533917639891467
541.7841104159496 156.06534040349536 79.83143571179247
2143.7923914267394 155.84825807992803 42.09162750201362
3082.5308874437646 156.9454568622744 51.30419754783027
3488.9247180004027 156.3617627395143 -2.733849664690873
3804.847655546458 157.00326305271813 26.843720840434443
