photometry_outputs/hst_f814w_flux.ecsv
# %ECSV 1.0
# ---
# datatype:
# - {name: x, datatype: float64}
# - {name: y, datatype: float64}
# - {name: flux, datatype: float64}
# schema: astropy-2.0
x y flux
[from data line 7498]
2153.4976999668115 1603.0441893821312 30.239041921286752
2883.9255617905546 1602.7145713467464 124.61693651436494
3458.5847881174614 1603.2672153958472 8515.153966296786
3984.738585695764 1602.795681501838 8.499518476085122
2763.1055845873584 1603.808959604657 300.74289339962013
729.4651580460335 1605.2026753437362 30.210335078692815
1681.718186024368 1604.5277636860844 -1.8590747438879365
1988.6895912501277 1604.55218740979 -1.0866695028675353
2189.676252445376 1604.6993507887955 1.4180054753065172
2206.4413411424553 1605.4555308915897 70.00612129189861
4045.6938279361666 1604.8178401601508 18.772179882962572
615.951665344435 1606.5037712590502 21.74322820740506
1893.445899657162 1606.28010843843 1017.9642036781789
2639.431814300664 1606.4276772994351 78.15364415216918
3955.45125265051 1605.9282393679223 1950.1492579675532
3957.6105069046025 1606.0461888962795 1973.891824980942
3966.6913537750956 1605.9747362771004 2050.9090968828423
4025.504874041496 1605.5785267745473 379.8569742455527
124.61707261893655 1606.4195430830757 0.30594920422141314
1022.8459458364989 1607.4943150130152 -2.8863410456065948
4137.006991291104 1607.182665439133 39.62522966804173
843.9019458011726 1608.2971363568088 -3.2497910296712114
2670.2866969900692 1607.8428647479277 1036.2541096536077
3518.5700714421455 1607.4828411969409 29.892627207598057
4367.035073679667 1608.008285128467 1453.107266905256
324.4462729266763 1609.1434037029267 -0.8848921268895411
403.9534708315693 1609.0112376561683 0.1630544317991544
436.2868515030586 1608.6273193813918 1220.4422378840864
595.1531807088406 1609.032858906492 -2.141985937681411
2727.7961610477632 1608.7422580996567 735.7408033106449
3098.5234148614645 1608.8049397381806 2756.3063301417783
4160.150915264476 1608.6285129771213 60.74237274758044
575.5093305959288 1609.4065387553162 -0.5626895274076359
959.4102883257284 1610.4913008064846 1169.5258349310936
2625.4726373456183 1610.2955527817476 -1.329646557507214
3191.194299705869 1610.057126517111 47.33976311891312
888.5194362375248 1610.5161297407278 19.1005809899962
2468.854158661195 1610.955778869245 210.28389431462767
2677.884486167851 1610.464621001922 133.5891508872616
2708.673111779078 1612.402204657631 2865.9133431942373
2793.323048592674 1611.1917898939919 1158.953738771507
3312.9076156075785 1610.724173897499 7.710740098577932
3740.7646281150865 1611.0925565362136 13.370512423168185
4384.469858159731 1611.0782105877186 3298.58296959221
632.1688691296075 1611.711498862594 714.7144222991168
657.4864520548131 1611.8782052823492 102.95775651356966
1836.6829423470717 1612.3959784935303 41.91890703063285
2242.637069831937 1611.499233877419 39.441964784959076
2874.235372298441 1611.5203674209008 34.35544621264036
3945.8620022792707 1612.4693312344543 20.31180902976914
272.10717783155343 1612.5905221043322 63.82361909057963
3109.2485209706183 1612.6432288118317 7043.286897852937
3116.1731668327866 1612.5310194724802 131.77006247720442
4374.734601862204 1613.1734935563657 39.951016247312296
4395.853226675535 1613.5222307083131 143.40098708469594
4402.386294278879 1613.1269194574181 212.19239038414585
1505.8060649444192 1614.6189263758267 3.9649246501560103
2946.7328276697995 1614.500536343082 1068.188534947789
3088.54946873204 1614.1998252805056 8956.531653705832
3406.3581772717685 1613.9783295209547 -1.2057365829166133
3854.738347812472 1613.5704159805816 15.266772482858535
711.6028705403365 1615.3355342052919 1074.007430784428
955.0359113140046 1615.3932171229744 1521.1396037681034
2699.800921198336 1614.7369952636495 270.68230585213706
4390.18967625623 1614.7674491844527 128.49599613757806
195.1960148177665 1616.1159994384657 -6.693135350566805
851.5217171020888 1615.8903859667298 87.0538087732718
2121.413742826951 1615.8489536419984 786.2905257930969
3662.9534157452545 1616.7364320352087 10.667559404966653
693.0636416777745 1617.3229755663756 -0.21115133129175762
958.7845085785542 1616.328781850588 1199.627491057674
1168.6047936083332 1617.4783678902443 -3.931629451168977
2936.205598919995 1617.6204499128598 20.30908166104707
3075.6841256655584 1617.0415413686621 2393.2762053233073
4382.2975838740695 1616.2196170708291 3794.6781309133253
4416.963946898749 1619.394397031654 6.225684910882703
655.2059594713319 1618.294100305984 100.52121262828115
1230.702091955514 1618.014702690824 -1.169960299204729
3019.8193088953994 1617.4459413106072 2.2407572218529923
3030.3686807108306 1617.6135494689627 15.471224926787938
3783.5767723899976 1618.280721901304 2.061886005707921
4396.930993307958 1618.5221676402223 148.25893482987723
122.81946399128314 1618.5981098157156 -0.2547900261855173
2714.0533446820327 1619.553810675205 2834.4007686979226
3234.774619877732 1618.8649669311812 394.76233711018614
97.90192907750209 1620.4886309135147 -4.136782687598141
2710.44215649513 1619.6338384743199 2783.74123131036
2945.792803314276 1620.246796676776 3219.197400381974
4148.4879186950575 1619.916729216849 86.02918682082668
4417.645571308748 1619.8997702686866 9.195652595016789
2057.884294483578 1620.7576028973647 43.720213642246044
2315.656824041385 1621.362545322141 176.60292965906834
2475.2498130975287 1621.4120750259701 901.1156574607254
2931.958334104044 1620.8455873669827 124.38003939833507
3757.8998839379888 1621.2030741284384 -2.1764059993746665
742.3293554908273 1622.2991079722415 948.9411680980778
860.2398056992599 1622.0696879786901 48.96972614228459
2453.9953876246786 1622.2361457269228 18.294416582234128
2648.867663842191 1621.8224003547857 20.70845474921033
2720.4589530791354 1621.7370442892202 2850.936870754278
3331.5138710863266 1623.4371547714584 1915.5561159042127
3670.376527535769 1621.5981181236555 281.4838831265698
3998.2228290605135 1622.3294337301925 1.4333875860582768
4038.831859481594 1622.6161859169001 209.7517267305724
4057.2956358794013 1622.238838912307 137.76982225978878
844.7223646759918 1622.9017459094616 -2.232843409072047
1216.658731460703 1622.9119711988583 -1.2025428592367746
1905.595893145269 1623.0119430091381 16.560244597200445
3229.043021432697 1623.117802786871 24.687679626162932
4410.64893024769 1623.247739354471 47.48173981182482
214.6277485434171 1623.7388493298583 -1.336169005914075
2016.023816291397 1624.231549758956 52.65849825728936
761.2610440149534 1624.759157178886 33.10764804946121
849.8920944646165 1624.6701024869951 61.374211252626104
2913.2604053872506 1625.0790716630136 86.326797565299
3189.907791584139 1624.7243924651757 20.165199050516186
3601.937504317427 1624.8222027474967 217.66949055944235
3886.22473221339 1625.10030616491 -1.2160470653427875
4371.121638402433 1625.4333415165963 51.908960533257726
2098.676970657733 1625.6200899351618 112.8889250626253
2429.7957854527763 1627.162558639636 389.82441862572085
3299.631572980105 1627.1214352635143 2.8843723059326405
3646.5881357957187 1627.3053279870282 53.99490467009491
2038.4493644240797 1628.1770469583619 136.6078349859166
2710.218426424761 1627.7545936234862 2748.086098891659
3210.7155504961424 1627.6666915848375 1.7434935892549928
3483.824844767888 1628.3879513274894 253.5047789908409
3926.8680097459883 1626.6703060218376 1311.2287563197306
131.31274535426738 1628.7039464834513 5.132738387335879
198.18238032546586 1628.8127446720134 -4.273580056682117
2793.327226108647 1629.3588558550819 340.61816550794356
3235.264105236918 1629.6479199224448 1662.6518553403005
3933.435552320346 1629.5895386209302 1704.5743388920928
516.7919986412602 1630.0591121742677 -0.665391935562758
3231.2130944006826 1629.9499410759577 1681.3341209578869
1145.3709632616578 1631.51881700787 -2.553159180690642
3336.127984473271 1630.684638668213 1857.0587405455115
3345.247485866346 1630.7072290814474 1931.252224678654
3429.5152743954836 1631.339675960387 66.125171011904
3915.002474037967 1631.2923532937004 1520.513239476979
2964.06438433508 1632.6783539879318 1503.5969382270846
4221.064226014295 1632.7568829813108 8.98359952297426
113.02792869905373 1634.4674467119657 -1.6163981076533245
357.52479755268445 1633.719222382044 9.074357501221725
1382.3272271689666 1634.3268374528732 -3.7069820502776683
1719.4942960018298 1633.3947331881652 -0.5358445635731296
2794.1378827685216 1632.7888585882051 176.7393962559525
3413.354407196772 1633.7397482943734 74.33629069734992
3996.7753907301376 1634.346274224661 19.864734043403924
735.3233961998372 1634.5979497320134 1863.1376245004385
791.6745273506233 1634.8955081136232 -0.7106018706684433
2485.1684741229838 1634.801440117731 1014.5749412899431
3075.2972545363546 1635.0566663198842 31.94478429895898
3555.2201007613003 1635.471644237589 65.13867401751068
4407.684768292464 1635.8063120899037 188.46769932660146
126.05131203088598 1636.374222922985 6.973347382592772
2228.5664488231596 1636.4110184898445 8.447299160593843
2543.64498978877 1636.012766729324 283.84916651665657
3238.4953072872845 1636.0841173367642 1587.7459570302155
3245.611688800205 1636.036924601323 1650.7011080009977
3813.9241158483737 1635.837303048157 -1.389663409689797
3902.497659423641 1636.2418188720155 147.2835389212362
257.92255862111074 1637.4235697735844 -2.8066356405480737
378.2363239439121 1636.4344980512199 -0.7230432392784999
1530.0344036787965 1636.8203277846626 1417.5113950073376
3485.8379945762695 1637.1887723776858 44.60534611085181
3515.8587209489874 1637.1551698046615 164.108047969456
4329.235316534324 1637.4288294779049 2930.7787851305507
4373.360573318999 1636.9868097699818 7.297224463952267
4405.533211595174 1636.5677489049754 4.058219144711876
137.9062209606438 1638.6457103026248 198.95153008273203
287.4357369191944 1638.5407611983794 -2.643247369094309
726.4567370200245 1638.6238826134304 161.17510607798656
959.0044527775945 1637.606803078997 909.4205831035888
1463.923521022881 1638.183741694434 1984.6939534931446
1920.1583419199794 1638.0778091274674 -2.4993276518654075
1976.7845266494335 1639.0107982864877 136.19844357251063
2162.9606465974584 1639.2912656922038 -0.48985178743770563
2729.560930078034 1638.4639048649585 100.24123228633566
2951.6859787026924 1638.6449227886335 1479.0160058779231
3372.7509153533674 1639.5905324576622 4.2755942358203685
3700.0401665022437 1639.5646553145855 -2.6944270415565432
526.9449291700399 1640.261359195825 19.57357338081129
3166.152182417917 1639.5607592809804 55.79575893607503
1349.5781646096304 1640.9572909208414 -1.5612640224764398
1443.0505231531724 1641.1189255491538 -1.0737952475735257
2423.578549838867 1640.6362138937102 484.43821984402354
3885.1505035103546 1640.747061490023 10.001453115148388
4342.904314772896 1642.2622331957114 3476.4953249758382
2671.629316616398 1641.500993229103 25.64861831320571
2872.189098348853 1642.1115571899347 87.6261979888441
1680.3112260006276 1643.4198443756572 11.557793357952335
2968.4649032305238 1643.1698672940183 1808.9148338739826
3424.5431369395737 1643.5879819989955 61.381320596614195
3879.319111754071 1643.6224290119596 -0.1766971333281815
4323.755400269013 1644.5447191275148 4290.323102926028
4374.950481074032 1643.1490737426889 35.18551605092735
101.12877295354745 1643.6419573130909 1.083743321790668
150.92669178007026 1644.2702858568969 276.5966228788447
1490.6370797785262 1643.991002491586 36.13216991712507
2590.1029549479117 1643.9320523133217 -1.2262364259002592
4340.281502001134 1646.4768993506716 3789.4461119890343
200.0925283349129 1645.3131305973945 -2.2316330349296725
468.71912361835496 1644.8236207562636 20.137152518601905
4327.681931619556 1645.9808674426731 3762.084450451309
961.5916944796865 1646.4492540130218 30.012007285730764
1135.6895065967385 1646.5281314955068 -1.9504008079380444
1667.6064915815657 1647.206588847019 145.30271538859282
2204.595215927565 1648.178878842621 8.053748421261258
2789.5033407835726 1648.5819630625574 45.92902213582053
3518.147724124237 1647.8400154048543 195.24854263158278
3547.2831681600032 1648.2508523364354 1.8456500908348985
1459.9466484051375 1648.6564280593454 106.93006846945464
2246.195232569523 1649.519611406681 46.35998659417226
4319.826822720756 1651.2775494849272 39.11685099933428
125.67028408824423 1649.4832978865008 34.54907321773041
660.6693488832711 1649.6668739798315 -2.0126976089303037
1560.9662743922163 1650.0597631898422 -0.8101369819855241
1677.8708742156928 1649.4798866727012 81.33288393108886
1815.0183467325876 1649.6043305279525 76.24150989100404
2528.5728576369866 1649.8312998993488 1140.0283873000433
3086.0847095460695 1650.0522565625824 170.03441052093416
3467.662812537791 1651.9460687411195 20706.73389137302
4345.729752455243 1650.4002230036135 4587.401287227893
3027.993834693386 1651.341497489215 1498.9669915826582
3362.454817396324 1650.8007615001986 6.089653452458938
4398.564856142503 1650.8586474289632 109.77018723114524
96.80861637555451 1652.10838481871 -1.4715224910143216
2860.40090788541 1651.9579420788812 9.639439581189764
3143.112656656814 1651.6901429066602 26.146519057389376
3225.9319917675084 1652.0535853437061 12.314719326982484
3251.6483268226702 1651.4242648474083 165.53312287082383
3735.53387416392 1651.5438179243126 -2.4039178034349997
4077.0873426226153 1652.3530196947852 329.39772721995007
4157.180849323162 1652.21150885005 135.75893242778056
4294.825584491637 1652.794733432892 25.298673027622165
437.65549294310154 1653.4737069776975 2083.3989437035407
2460.239578113281 1653.4713468863088 471.09602385254686
4338.477903135786 1653.430686099353 4520.644945899434
4343.076451540488 1653.1137751647684 4709.960609515493
396.96945773394583 1654.3729025462171 349.98991360891296
800.617448092716 1653.4815116474201 -0.5859191484716116
1747.4456835320243 1653.6071023736345 23.13140493033858
322.2000281005816 1654.9837388339454 11.858369240908672
557.9870948991755 1655.1616653133258 -0.3533639940474193
4137.581999919488 1654.8790362570612 56.26524816832894
4360.08437232137 1655.1960872019333 74.2047382375156
536.6094097677949 1656.2485468854043 1.435425097525596
1503.590392020533 1656.1074698429159 84.13667189709705
3376.9008658371285 1655.9151740688137 2197.2525732781196
3772.166802216372 1656.081223633688 -3.031888825158174
1683.8093507385001 1656.4940540630098 74.49085681639464
3210.6300345969426 1657.2701604034428 49.30943263942661
3949.706839767696 1657.1765081739113 60.93772242495842
4342.131283506192 1656.781738833312 4603.446564118548
126.92648611839503 1657.9086993972192 -0.41209271200262915
152.4752377679855 1657.8178471977878 15.482428253347654
923.2582269235543 1657.777620211656 105.47894556400657
1521.8464954123458 1658.546948745775 37.73809622502285
3102.195140166761 1657.9874211330175 68.46405372958887
2658.2933097450145 1659.0892962169735 27.721135942395453
4089.221305660719 1659.656275705817 240.23091334863068
4099.720629556439 1659.8815003004113 2599.8603338343482
4156.648184522539 1658.535616790581 137.4757662005178
4350.318862926066 1659.028146965298 1408.2227524531606
4394.942528578342 1658.82051277527 2574.0696854028456
528.48983495198 1660.5421037624917 50.630228380401284
3896.0740914113308 1659.7239563631326 552.9931306613403
4311.566019547971 1659.4413335709896 126.47358685900394
4346.193845752378 1659.3684990058678 4778.252529566082
844.3169777728262 1660.5414079280047 -1.874642354539179
2868.5869582955515 1660.5555419141433 380.9468140492336
2942.620484482459 1660.5432895258257 -1.2329873027391616
3274.8545459058832 1660.6315174873273 2.186449246629618
4271.210428647746 1661.5500195162779 6882.5562167802545
1245.5439118544011 1662.5767706531374 -2.64391274518867
1581.3760073443125 1662.0048155810707 -1.4628600763902455
2001.6365235513194 1661.7148724080134 19.0918970609797
2346.1902105204167 1662.738914997608 20.04965029091446
2770.0800394444796 1662.4787415909504 186.0770936232177
2859.5075451342386 1661.8535575648789 18.155984262288413
3143.0744547248614 1662.557031231484 837.1359449956233
4321.443370974783 1661.878633973974 5222.206475205967
4388.613136364053 1662.0364957925103 145.6518371889685
95.29927346687765 1663.5130386248684 2.095979338188456
106.59043024128086 1662.8714512465895 6.907736218534203
