photometry_outputs/hst_f606w_flux.ecsv
# %ECSV 1.0
# ---
# datatype:
# - {name: x, datatype: float64}
# - {name: y, datatype: float64}
# - {name: flux, datatype: float64}
# schema: astropy-2.0
x y flux
[from data line 2015]
2873.4703019434887 442.4918144086007 723.4705578224457
3364.0666006624024 442.8690555261815 -0.5017570721888454
3442.372890679231 442.45940810459354 952.914832299787
2588.6874451195445 443.4995481364335 -2.1059604007722905
3161.576342906706 444.2227725381671 2.807148024019048
636.5712023348158 444.81728423388506 5106.926636860299
897.9342424082552 444.9163480141917 12.730850255025057
1427.2594713576527 444.77670298461595 -1.4751586425782743
1690.3405718781485 444.5959995045172 -1.3020143036134166
2543.297380401231 445.001630541077 -3.8949586487994567
2695.850832435695 444.57329265468064 101.2452756565482
4034.6786299531855 445.5119271898137 3791.4508630821533
290.5302555449827 445.87201713878017 74.28071856826061
3835.1912370258456 445.97129670717663 1186.2317821234346
4343.051452006215 446.10241214194315 3.2942243601319974
873.9335749277324 446.5684963253134 19.05918769481767
1750.5877312897485 446.65495903802844 2.8323680387711816
2252.8618138538895 447.54702754049515 -0.651662901408294
3080.2919635736407 447.28302509678184 49.36600939155655
3235.281439274276 447.1989234615673 8.505159632685036
33.08843276317572 448.2408498911066 -1.112333288098989
850.7313488370867 447.66761429514844 9.238410791304105
86.59370439390345 449.2233739241188 41.02836131395535
665.5138948184141 449.02677246960366 58.87934112431041
1330.9028281307392 449.4654192541913 -4.244891794712648
2346.668712183713 449.4741524463368 -11.632431502727934
2685.5306041179642 448.70819831135947 1497.6246827822877
4380.892626020363 448.53059891027965 1.3128565916237565
2437.0592961054867 449.72876509175876 10.986039141331428
4352.717721811131 449.9270281264296 9.05947124362238
4364.193467326324 450.1975864555337 8.57413214999389
650.202886274167 450.8190043781036 4125.738594381345
4373.202786686634 451.1893477562159 20.507962450582962
180.05814368878285 451.93816836254507 4.164096478456327
295.18994150866524 451.9772092698768 9.763991050971551
901.303036467406 451.5882239441472 239.08286717577892
1090.6702137417137 451.9023229974193 19.760678921952724
1490.0202929720156 452.24380216318764 -0.7870590503048518
3537.512477147368 452.0507141535698 17.91150242150081
4033.693016103673 453.1964876030468 3655.9375158513917
4174.782773459681 452.38007077428887 7.9035152718382085
4346.478199884343 451.8942168127073 4.045598883303568
633.5572091102075 452.00917665647097 4838.36652010194
647.5554650493033 452.74036938121554 3883.2126095513872
3871.9023481782224 453.2871889113722 -3.1214325106141945
302.83572758939704 453.9654318523188 27.045964860806517
652.0080585560798 453.82589411983724 5363.451281696335
1186.8963828865399 453.4939923705437 6.612036957621648
1609.5986496343473 454.5393387316331 7.037714317966133
2606.3334917481725 454.3874268242331 -1.188742575254079
4328.284116685548 453.9439140472408 14.004319403919904
4351.836438935733 454.22333665744736 38.15797854741322
313.59872564351815 454.891609675502 62.99601587623821
781.5729825925346 454.9407773937436 73.40469665955179
1117.5123019777745 454.552777896279 1142.6270112447926
1403.7115901791326 454.8928664260112 -2.1926619930669644
2569.545419231796 455.5788763409379 -1.2902090402556257
2939.1475114967925 454.87516205770316 3.2380234487972492
3440.044626449614 454.8345282567903 15.07866826988162
139.05765956860856 456.1455950047241 3.521263004933583
2744.1598391004914 456.2357741124322 47.40067110280854
72.03753890127825 457.4879863179246 -4.194058837913422
86.03045463947238 457.0062666340055 41.75260794023853
1841.3235473924346 457.37893919346755 1990.4969945957996
1843.7004102708825 457.3372997280861 1983.6453854487877
1907.1814257473902 456.90710362561913 -0.9587523728439242
1955.6358232720515 456.72535025834566 -5.580381304880807
2799.586313300003 457.1254265651368 1283.8174034786564
3166.696939737398 457.5084305462757 13.498140024039827
4340.294424945476 457.16588334542934 49.17923794842672
119.3986599288664 457.68447008950153 53.99395828082841
1009.0168121784388 458.3226984049365 23.307071265720477
1336.4519579994926 457.4354379245504 4.938664139985082
2376.604898760646 458.34111566619634 11.437526309868984
4392.855738007654 458.0041277459073 62.669122832356045
728.5455107332647 459.40336820468633 214.92869910250727
3772.7291188455856 459.0996248979833 12.378292583594668
1049.780110232149 460.31214802507037 5.558028177581299
2103.712769858614 459.84797898309387 -0.7869965110173625
1829.1621246934428 460.96446352283857 20.71387772633593
3230.648840739731 460.77230646484213 7.134832088555904
1425.5101061072758 461.8735641519117 -0.8818379907881516
4034.19229348337 461.85601648867885 2636.8643215107563
4368.477268701388 461.75491534773386 10.035322917634378
802.5671442013431 462.6992352853211 32.53264652376405
1091.44020684132 462.6903225659278 1230.979896964406
2323.847129507366 462.93448784700996 -4.9193969757875236
2368.6121054999394 463.0432170102389 -2.190820519559201
3692.09915303614 462.5756050019718 -2.1417888887504586
3793.868627816385 462.93366730616583 -0.934621982458468
3809.4458210294606 463.3086098723065 137.36662614056527
421.62678301403287 463.5790700427414 4521.125835303843
1435.38947855472 463.9717782866344 10.506186618544183
2765.9683550674154 463.29514720938437 35.55570796402408
4016.8468228954575 463.7271482464652 50.769190653139965
4030.9339486313365 463.72221801890475 2712.4770770940545
4394.3784879445475 464.19519938644856 26.661676235352548
2513.8826258116405 465.0867866708489 -2.290213458521698
2653.4986927522677 464.57722835856316 50.01180589693815
3004.492718906169 464.7657785643937 20.483177771633635
2247.9420518634565 465.9995620253395 14.982724357866806
2895.208168401976 466.0091718841322 2.286932367026592
3235.528449581577 465.464821589752 33.62119282007508
2130.603962558109 466.66566887022276 7.089343626681172
4095.539700442862 467.2139716959009 3.5668704456609763
4336.441989294383 467.3211389087876 25.16897822629148
719.448132725259 468.084564861099 5283.526245629669
1098.2542508305603 467.1796502812012 897.2280432013703
4364.480940864896 467.72218706771883 4.625441693078686
873.6352921905657 468.8043372716588 141.74948255159768
2275.0374707055676 469.3498259176577 9.918476244006536
3540.28392520385 469.2825710702985 1948.57304547711
3810.8278785849175 469.2815082452559 132.92032684279835
4347.8907951963765 469.408407305108 5.740232209200679
2195.656104402583 470.3449340244054 377.98464969681254
3288.530655273933 469.65466442445074 3.1503390107049976
4221.0135678743 470.4305158435478 2274.5346480374465
4129.305999905278 470.72773450047663 6.257825675945576
4275.240175374185 471.4836821769564 15.357604242253531
1887.4015349285744 472.0633558130399 14.991400094687867
4154.874774992245 471.649205257001 1676.762847863841
52.92559035752691 472.73530163294356 -2.94788734877476
1508.325818933758 473.489055993835 4.837845043084669
3722.6502521478 473.2920581543361 -0.8964793358968209
4007.135008380152 472.9452039157769 417.2445536848013
3599.753879661425 474.65035325851625 24.420049394529688
4346.9800267953 474.1979678947495 5.669457045311015
223.55702531292937 475.03536394163655 50.25361744008429
2608.7674670499596 475.31170003584515 6.128312393132506
3567.75219311786 475.5097972994317 10.295700270656523
3913.8547812518163 474.7512514613819 479.19693559796013
4176.860110756436 474.94178065069536 469.4499993326719
42.86047823566079 476.0185747476327 -5.419254791166043
139.18742457351084 476.13900989446586 27.805206490342027
420.93592373833826 476.23257040552903 5949.830349532827
1023.3239989823313 475.5386544607122 733.5543344650825
3257.2584167081573 475.8985258939718 48.11406354146992
3651.2122813711135 475.6388019027914 105.7402769341636
3925.5198228468853 476.3253894729327 532.8760810699516
4225.782111835527 475.5892759824664 68.73511972001478
275.7929208981933 476.4504114102133 1.6346112922302982
519.7143082676582 477.38632793966076 11.466324869812148
697.7649833190537 477.4515750242658 3255.97970693854
1134.170636349951 477.4078737541717 1.5773182031345798
1217.6559159565022 476.9614311212397 -83.57264388036906
4343.398312745192 477.0196395523644 6.533037598552177
421.9773110405374 479.0411795955651 6185.977698534981
435.89236715427523 478.8405072832495 5842.712795343146
999.1468075538471 478.07984608181636 -0.958464197766825
1103.34618619523 477.7912962389081 217.76871627925183
1748.131146156575 478.149019405158 160.95668405767003
2678.0078741762536 479.58587858805737 -0.7963018701499898
3610.854155965958 478.8701255234442 91.94450149122636
37.134189548825034 480.1042271325618 -16.267244095037192
2211.9325369324683 479.80033333179125 198.49324839640707
2335.838350897515 480.36214769319645 -2.0782780291102005
3637.139166247039 479.645541599934 26.093901434368007
3708.946366674182 479.8139715072904 -3.2466165934568085
4148.627764441488 479.64660280916576 3082.4521721601495
426.7517002412003 481.8660648303558 5741.7265307132575
1651.2713106504414 480.91331132707995 -2.2813964523544548
2805.3979388962634 480.9822129310852 3.0424929906024527
4176.649946246081 481.3514977421013 23.76030688453408
1013.9080445524422 481.61319947273284 887.6416296679663
1833.5502492759088 482.09762513401046 182.13563714815731
2232.941724412048 481.81170779331836 4.1355724648413545
4205.39981992659 482.60298654614394 20.09937459263644
1821.2301009575422 483.5724216519098 798.8200108484764
441.2053750169161 486.4304691947228 4897.949674869546
1800.083226640938 483.5596976311854 -0.7321575246200256
3578.7444492386107 483.63877603436765 19.904471695537172
4371.893735506854 483.8217408232798 28.725582589444425
339.0644973213953 485.18525515907606 138.39526221095895
1879.0266884022517 484.58621406460577 114.78639155808906
3474.7849685265364 485.1687865466694 21.907181775603977
3609.865850518901 485.3994320182152 88.45014126922425
4360.611692316805 485.1627585423888 359.8070783618856
362.824972029319 486.1991502743536 4.420231654825061
425.6768708842691 486.2262093098982 5319.858119886669
2427.490856865459 485.71186348745255 0.6141799147853717
4207.082680040459 486.3955096320425 12.936839865798172
4270.8588911335355 486.0761603252619 38.25423906407219
376.10637283656536 487.3491699580069 37.26154022145594
435.3512213286427 487.1004682271945 6177.40270104535
3853.9964990669278 487.50737661465865 9.095451610639088
2079.9417216287247 487.83053337620953 -4.4006520967262475
3411.060963935045 488.34706501488074 14.120235933515959
4179.438548578655 487.7231554931313 24.06755578548569
4181.967668978762 487.77567200912483 2336.04952629733
209.50034918625605 488.81373146685246 1.4915377318970033
821.2723723471549 489.14597412180996 0.7571222965332454
1755.4285623411279 489.3606189227301 338.4183058944953
2481.131614984978 489.499975469115 0.37646730563396164
3382.719482535031 488.8871227244724 -0.7775173389785385
1151.6799731833732 490.23398246573925 82.35653780093075
2054.4583889700975 490.3024234595704 -34.54269422629549
3926.7921346211615 489.7872594431784 21.676251495282905
4301.346200591628 489.4215722366248 2226.686474463477
1206.009683893026 491.35024840099544 9.70500209886321
1351.470347826051 491.1834996492731 7.343064770313104
1917.5047845797772 492.14825838795406 33.332548978987255
2460.0671778245182 490.6847629031876 91.07662017253953
3807.0736628918507 492.1061607237635 30.2363235578238
4319.755583727774 490.92147500865616 815.2948763523889
85.36153044488779 493.7298226178082 -0.9779226586366744
438.1699252951704 492.8212615851694 5465.775797041915
441.8371139576769 492.778592786581 4865.325381364821
839.0070883226607 492.59896699136414 718.2659680301599
1463.539166040241 493.01452520825507 20.490298180242018
3667.6219924740863 493.29994138519515 379.7498140423495
4087.53279838165 493.1019413904077 2.0477161694323964
55.14258498665729 494.1328505224176 -1.2716511400928436
519.0726108407122 493.6889412503319 2913.4297218747256
1151.5411650613041 493.65547723202195 1067.272879614469
2511.869617013358 494.6246395241544 -0.8113091734030222
2601.556428873249 493.4322471580478 -2.5217435530264534
3084.524875690129 493.8699431952818 1.175355418997855
437.1373592748982 494.7183311658238 5220.267246933983
875.3052905902099 494.89035037791615 20.109643331150746
2295.5766844882655 495.08495577106174 25.150240833073568
2905.872410399495 494.4137557052206 -0.5925811136626864
3077.638043618298 495.4361270805901 9.769466251300718
4335.802366929132 494.83443707556546 5.555140990003075
4381.416425049109 494.9556352337863 7.644530688883665
1445.8507082795547 496.14650774483425 78.47155849865439
3457.6921841013886 495.7538939501485 66.36338481127883
49.84602609673505 496.6627346057437 -2.993772277902462
59.564697931115234 496.6550036726118 -0.5946932009343918
403.6641413140455 497.4394619890141 118.30044944458587
418.3479554626527 499.7134459183784 22.562399478019607
1896.3083900858462 497.7057691803967 145.69199015753514
4297.512912887739 497.52145354911136 2539.758481364299
901.4688545353073 499.15510861255933 28.200526868643216
1949.640400605412 498.61893336843417 7.495585824120825
2122.7115662945084 498.57227333025827 16.012479763633916
2358.165308543921 499.66137531429894 -0.9900498226248999
447.6915499308554 497.65234867539647 1043.1897919390428
2550.989209312696 500.32401403406146 2496.753120880665
2714.012484995773 500.04520999281203 -1.077361384333157
3007.4175333079947 501.27227157601305 -0.7240216136683525
3346.425520430484 501.0816637094144 69.2526632311089
4337.014071259064 502.0607278730055 4.866728285713927
2741.1315434579383 503.1087254081115 1.4720200740302338
3708.374939944322 503.3813541538767 14.867941755735373
436.33391737387154 503.8697253282287 4182.0644660117505
3265.278581152833 504.4257919205124 -1.8125268396961098
3735.9138928077155 504.2402179107925 20.901620930231704
4351.652511331959 504.3972765349028 1.3626616090055
441.6581496923748 504.9348954019866 5847.371647543773
1026.6731443739282 505.3715291410728 66672.86842546012
2217.3832568427124 504.69941070592694 51.38415518705713
2219.321471437173 504.72744338874276 1562.1135921642754
2357.7139023228997 505.51828641225 20.223335442380034
2848.4195470812842 504.804847765772 -2.145157761101356
3657.2631428409873 505.0925169950871 21.667115665293473
4160.514326503473 505.32016496921653 19.157174903587237
2561.1825498522912 505.9798718319532 211.70946909008896
3138.2254239394074 505.9185413218647 10.63174663295604
4303.861493006604 504.2840565451765 20.249718710370068
744.0212458524853 507.03188778227275 83.61753143575125
1995.4745803122398 506.56675550238884 -1.2091662430483354
2505.74584514611 507.0396389938093 51.01766708720962
2964.71211966151 506.740136478791 17.675228358823716
2976.9612028723704 507.31214341556074 900.5195060619067
1261.5549961834593 507.7081751433445 -118.69111842825849
2077.1078541211896 508.57782711533014 13.590863304015867
2140.6250495042864 508.0043312759049 22.072388162558486
3690.1352847631797 508.29608116843383 12.009797616410621
95.58159159556351 509.1727752260189 -1.2945027546543608
368.27941953913904 508.46580277470827 32.005613855656954
1093.5603263161138 509.4522125288355 28.827132837986973
3417.7991820691664 508.62026990943764 84.10272870435449
3471.3932505148264 509.1155127729892 35.414438250422926
3955.8687019293843 509.5480122312491 250.1295028747028
220.72342127436818 510.383946498474 108.19982643527128
505.0670157687894 510.4787599505194 55.7407812372063
3021.275969352628 510.31850545106704 4.683928919811596
3525.312978913934 509.90998213768177 19.532037342206383
3755.7316984311587 509.9674913174791 20.284479830745415
910.578128608125 511.5690106458872 31.224899035533475
1333.8420262346344 511.0145057212487 10.558959903573168
1979.567499738409 510.9250662382162 9.18324009040942
2440.5925950902824 511.17719260054855 17.21194555082721
3823.8372483626777 510.6805519888342 6.526835767950809
1031.964646057334 511.66074787664274 2144.89302333141
1610.9950661971232 511.4644065389149 32.0611937009587
4079.6200940064336 511.929536897875 2.4783163038584775
297.8611523780715 513.0455567625671 0.2789358379299634
695.534568857191 513.3549258339513 353.1050615001312
