photometry_outputs/hst_f606w_flux.ecsv
# %ECSV 1.0
# ---
# datatype:
# - {name: x, datatype: float64}
# - {name: y, datatype: float64}
# - {name: flux, datatype: float64}
# schema: astropy-2.0
x y flux
[from data line 17006]
1026.197292710865 3622.07992145939 5.61445224850372
1584.3645741804305 3621.9508184286783 -0.7764384365480993
1929.0276161187496 3621.8101950048003 24.063564793767167
3529.378752962406 3621.8772357944367 23.639727057988598
2421.954511670296 3623.401021820423 13.165565484752372
2724.45420725481 3622.700471155406 18.913713931700624
3174.1028278569524 3622.5270964165866 80.25366620205
3803.92984311153 3623.3603818212446 8.206884764947482
4369.77699829607 3623.418210846784 124.84070921979479
1141.666235898341 3623.7124900614886 67.25092156387923
1628.4712686161013 3624.170883459986 24.45629841251254
2172.5531865631892 3623.9479204688755 21.910589980635663
2719.1382067864647 3624.090237698834 1349.341541703804
4316.731063845043 3625.6850931069366 254.947270452684
4436.234911090619 3624.40163980488 13.06434390359548
1026.6873353887627 3625.092523113038 5.7200378051523355
1889.6819190361498 3625.3796533221835 51521.78871675901
2971.489447265721 3625.5252143235534 3.0239328563091927
3047.60090535848 3624.6979904906543 53.3305926183433
3128.2456890631984 3625.0337407180873 21.774383335972566
3215.189364103061 3624.746146886662 63.287384100735856
4260.284510034012 3625.0531735535446 168.78092737461836
4308.632017739585 3626.418933977793 308.3945428932734
1496.564274850769 3625.5417448206504 29.61744236560075
1694.3894207894525 3626.0496674033543 50.338959908265785
4287.827022610205 3626.2495461805242 92.38345838966893
245.30873651779385 3626.792819784434 -2.1441331733027718
473.1474192788139 3627.358272823526 2653.4009837146286
1688.9699032040346 3627.2702934200397 51.00012204967567
1962.116168828588 3626.503390496369 24.66540425238433
1996.878334013129 3627.0176670636556 4.3639394916559
2037.9859928368985 3626.6899585824126 100.07571834632178
2181.5385063831304 3626.793621440677 132.1378814339321
2457.640873233628 3626.5852754657917 22.8232978765766
2871.773735535262 3627.0135119064303 47.37198195135989
1491.895624900615 3628.2043855022143 243.03998890094778
2789.3238470420347 3628.418356363703 1569.7072597351907
3616.2403879858907 3627.8549725882717 445.0400984460009
906.5735210666907 3628.528174422865 20.236519606485903
2063.9261070514845 3629.1561193895245 22.230225607358506
3215.2025831290666 3627.4585037481916 54.240557443128594
2749.8346191962255 3629.901462082157 7.391065868147834
3304.602081199213 3629.556582018546 129.13087007990407
3654.8661699740655 3630.6358018366677 4.130026912409758
3752.895641200539 3629.5677184619235 81.25062709329761
3818.508077578937 3630.037569645694 24.304417320742512
3877.836799312398 3629.9063257290986 1.8955489727391277
1894.0574296891375 3631.359333088958 2221.375297660987
2079.119640999442 3631.068947565951 10.597012265736362
3035.75364212183 3630.516076952771 497.6705582491824
4426.305065772599 3630.5163954006925 13.716379222950705
746.8962088039733 3631.7300850200727 11.096846651169967
1785.663296903124 3631.447027623927 -1.6922282708329874
1817.8944159805978 3632.0859855932417 -0.9952415773795167
1894.6536445248623 3631.5281822044813 2221.375297660987
4364.169867793036 3632.589758371279 253.25809949174888
4442.314071646524 3631.567904842185 7.349193128949141
798.7903772899292 3632.421797191961 39.33194789912039
1564.0045163655857 3632.640397979077 23.113040906926322
2877.1146645223325 3633.1704770341694 36.573178644892806
285.27283209334644 3633.6690713155735 -0.5892343753862229
473.42196273412287 3633.9493797501755 269.31300001514796
1371.104342266073 3633.552086039645 16.44829038594494
2752.550575266183 3633.7414700672557 63.672801556841854
2891.339018203126 3634.642913971707 2380.258882659211
3295.873291920539 3633.9407984142285 100.32158794856817
3396.436212966839 3634.67546283949 31.35959183529245
3440.141879611064 3634.184106998058 2.5901766975500986
3658.738417869224 3633.6242300376034 281.4903941237979
3696.3185787691395 3634.142761223059 1.208884421967693
4286.959812636962 3633.7730182839223 67.71863394668155
4307.763133658256 3635.9316218725194 296.83034840432674
4344.184697814975 3634.2561774491146 4595.279523225213
4391.631397283297 3634.399649600239 1216.1711599950129
1586.0030543631976 3634.7993944913633 20.426756392005867
1823.01802365528 3634.6739291570234 12.414233866208443
2520.5726951934216 3635.265121685881 21.45825804671352
2614.824165361564 3635.520281714511 30.22927968257117
2685.758666606661 3635.03832319916 54.60993818099472
3986.781130586921 3634.4558356203715 1572.7008078983126
4348.588138706598 3636.376852640092 4192.242753314978
3029.870627804554 3635.799189610946 22.676916968756423
3608.944853348403 3636.556991412815 535.0499993298636
4105.659047323772 3635.7089660380534 3.7042519859371428
213.7595671913407 3636.672734881492 8.296199123942808
1955.9040232072302 3636.899138294323 492.53861019857993
2375.197253924714 3636.9546507402742 6.983078643254268
4053.633643368608 3637.2797633412624 6826.647223752644
4395.735647429636 3636.783726202623 78.92400418075654
403.6627126570746 3638.1913787497797 2798.429936888261
822.2077767848366 3638.0040839058324 996.0889457303024
2885.568640105937 3638.3746189167387 49.933860076226225
3027.026834466484 3637.761998690552 98.5044635932011
3082.686696917764 3638.323100100365 59.45677397890437
3930.3738458818107 3637.5408271698752 5.421131526410965
4486.460631003259 3637.712550999371 10.14617069953887
355.2054902672933 3639.4128487831154 22.019152538319865
778.8348321401461 3638.4878643456827 3.2844719178610187
3595.5229562569307 3639.4810542662526 22.730617048089563
3748.2022179446362 3638.725617446057 202.0549791900741
4205.090207653578 3639.2502887001265 26.744797440781568
1184.4518213685483 3639.6921507234856 140.40050552627918
1244.4332742415058 3639.784135484415 462.2811840725848
3327.909585788275 3639.524482906329 1.8495653391685938
3536.165032265279 3640.3172019512217 328.28608884532605
3944.5425359002493 3640.008527293161 17.54108566146628
4302.618840054237 3641.0273931979996 430.11583065866114
258.85890979889996 3640.602139362269 1.7082964947519608
488.19910351760035 3641.2794409055064 3514.680903174604
2139.165440601492 3640.8294433381993 588.3078739580634
2633.6925019158407 3641.4268105214414 838.6714823701594
3072.351023111643 3641.1917440816596 4353.797289290342
3517.3432008834056 3640.1096560355268 679.4932577490748
4316.844488280955 3641.7674364067 824.2564620346673
4356.635673339613 3640.0692494378723 308.8322066996145
4486.155306329263 3639.9840596082004 9.987428339651489
2707.5586296843944 3641.9777424970384 25.158054592911423
3116.353394961271 3641.6698807376083 100.04282982727271
3152.109961965234 3641.4215803392603 13.720613091672059
3643.806287237521 3641.429043670865 1142.2123915359768
3756.9157537896467 3641.811072544708 10.9167640973337
4034.2261136542647 3641.996062521901 1264.5722857235196
998.2363418795907 3643.332037185085 9.587852532360875
3110.6625699622837 3643.453802828638 42.79521341636176
3352.0344817945793 3642.4706181532297 3.3451846732986037
4056.416842329746 3643.24469961326 1862.8202915027098
4058.514124140613 3643.5939776687974 25.03976053950207
4360.123253203459 3641.775922549115 187.0247159508581
336.6298197881697 3643.411635338663 436.03373543094864
380.1649153075709 3644.2701753748092 6.987359641232753
2013.6341535524284 3643.485242982887 2.1545794290589595
3258.035682712111 3644.0585472916705 -0.25750607825737376
4344.22907928354 3644.762658429935 5395.432205256549
1737.3033474951478 3644.752372498013 33.96304857240049
2033.7152361055544 3645.148786038312 661.8934447038002
2964.0469643310266 3644.5946905022674 25.76699302907535
3198.9198933478483 3645.3131705082114 -1.124125332472878
3844.7281785406262 3645.118964154729 3.7339729304689118
3997.090761129355 3645.0953796790945 2018.6124887057067
4308.2106030710365 3645.4993944312105 463.7661632886798
209.17505523522897 3646.168211815865 12.743088132623162
1474.6665590686043 3646.3685681239936 17.432037433195752
2035.03032426264 3645.3266079536224 49.36635335869896
4172.420113500029 3646.005033999795 41.436982636268795
814.4616978885631 3647.190243285655 720.0322109426871
2956.7421508352563 3646.4028495405573 10.732531940835369
3300.1381414939024 3647.304757764064 31.478184830178705
3334.6933663661766 3646.7740362993754 23.331936227249884
3382.836595409927 3647.355296960539 1033.0563370614298
3532.0344438572324 3646.8008528652717 318.9376605678747
263.832790849585 3647.838360414335 -3.4576579943835424
1936.6430467328853 3648.415102975486 1.7667460598146454
2443.345361301946 3647.8494154735235 2779.190630519795
3468.8684892423084 3648.066291710651 1778.9793460268493
2147.3269664575305 3648.6557136994647 51.22238807011013
2559.6436487120895 3649.279551782627 120.9301131719525
3795.6940905329525 3649.3362780795687 5.977484475318499
4109.584333181318 3648.519723862071 38.81876339200065
4351.344528978272 3650.8947210737506 3723.7771084261
4368.330247031077 3649.720198166891 292.4754143670697
4434.8163435120405 3649.010477599201 10.26925466801945
4440.334790023259 3648.889085862295 9.748252871065567
1542.8414304147475 3650.288578396045 31.014332148112487
2897.2773430386255 3649.8511599920125 3141.5182682069603
3576.536575011451 3650.241496146322 10.318420318686725
3637.2296075630325 3650.1578653690044 12.822905617376076
3869.5404440410343 3649.8164636507427 2.542674836245569
4306.922898642486 3647.978763943631 405.4615032867564
4479.268647775216 3650.0710533157758 3.33778239764074
346.18216843572986 3651.9226527793408 3393.5079025858777
1292.5047276408366 3651.3810894420317 55.524036163491864
2095.715307006087 3651.2728527453287 17.636719692779728
3375.516664645033 3653.170156010092 55.75577447773231
3944.5156685223324 3651.137529559346 46.365466340434324
4208.064988429893 3651.133664383726 9.940182392578905
4435.694736463654 3650.254117256358 10.108559854873034
1008.6108893832459 3652.0647632067326 24.069836923026234
1344.2655459531 3651.4076595670845 -0.3581982916095276
2487.2640765134975 3651.5336914507748 11.717892371781716
3753.740282856078 3652.0219322880466 42.99749005241363
3994.701587179795 3652.326452971056 35038.19948050694
4046.4919910351655 3652.5233197091193 54.61389977125036
4312.8993238303365 3652.9560339614236 20.674365166644506
4322.066389981884 3652.9828185313236 21.040097781032415
569.6447665276002 3653.546432688863 -2.5534236371123593
2793.127305014808 3653.045289336885 43.88311087276719
4344.06206511287 3653.2476355010153 5768.062370122713
4354.068463317112 3653.261630862937 2279.5554763446157
4365.658775245252 3653.2328531936746 206.61823200474782
1029.9367593751012 3653.9832047649693 794.9666409032476
1653.8116251938684 3653.5294143489737 128.45731756395804
1717.725830407995 3654.1319975962992 1731.821453878435
1977.2731933993655 3654.5386413842443 31.76368425669108
2462.1362156543496 3654.1381954717967 8.21762552795815
2567.934606592714 3654.3008374057645 120.72058546263459
4106.205951353171 3654.2379798351535 10.712499047660193
776.2855795194364 3654.8671038967746 34.99255926976726
1399.4109845225996 3654.5453353220737 23.413266671870986
2218.2220003752072 3654.465343868194 32.256161333460504
2467.576445037426 3654.72913428135 10.983960614910094
2619.640672089308 3654.660063567309 24.019236788339885
4319.814128062417 3654.9302115672313 21.007248891347185
242.19135396416326 3656.4993754081165 8.252093831750752
4357.9019368529125 3657.8380127898013 882.3607939497234
261.42968429808536 3657.093363700975 -7.995093281867019
344.6546870242308 3657.3199091703705 3748.5453023673936
374.96900641313 3657.2246331375236 27.07318774148142
1415.1065246730898 3656.775877882146 1.1942875679398908
1590.020978361326 3657.0931707137183 69.97398342390666
1674.6612464661625 3656.726802690438 181.2836725941673
2078.536657077432 3656.694681037742 1.7461492836401336
3124.48999046024 3657.2872754839086 19.63422468443649
3363.266366924375 3657.394239277436 615.9790968427398
3669.195733151288 3657.370760333938 25.841706495669918
4220.736133300813 3657.0487203141174 13.571152009431831
4464.985634163884 3657.4444858201564 7.519961852106723
1599.5035156122715 3657.419959355888 78.11470500863416
1847.488314774401 3657.439551692758 340.46133480132926
2436.544355811942 3657.496287700436 21.00023942244217
2891.4929723197647 3656.742510162677 2191.7324031529993
3699.3467622608155 3658.3141876290906 1.329889380494497
3920.846169994213 3657.4611713830495 6.3370058499884605
1136.8745504139893 3659.4809687395123 2571.080466198909
2705.2372867007502 3658.3987274657457 32.16799748308905
2835.245513869033 3658.5590706357393 18.749963559795315
3285.5909396375373 3659.352068150762 764.5766081095592
3343.6307197161796 3658.8490711783365 249.2703373962
3997.3120035693437 3658.712680238989 1944.6420491445383
4237.380357872313 3659.277861236278 16.877166879535192
1864.0983923785973 3660.404440852111 19.579404242610337
2905.748007920769 3658.2531112314778 2825.363956135204
3276.8888432941662 3660.195208762791 33.40211656662422
3612.6805825470196 3659.606202676545 2.283827080453915
3777.245682661415 3660.572917388979 8.624189793952183
3882.940560523446 3660.1064347858214 664.7738139139864
4411.862976489646 3659.754308569138 1453.3700902576172
1145.3682632641278 3659.6053487802164 3321.881634505918
2250.781806660739 3660.9233212690724 218.76571408535335
3053.498720031685 3660.6261198281754 2.2981597313400193
3709.50067652066 3660.4828687177755 31.02817108884387
4346.217384613344 3661.707959996019 5735.313029143352
3125.379230911599 3662.2043859171354 3.5834272525763704
3299.6728875418235 3662.205462557637 12.421073576719575
3939.752169120723 3661.4123343391684 63.359348700251445
4329.968819895127 3662.075168450964 6583.710882001537
350.60986741791055 3663.37526463924 19.79471918999554
1122.898675244911 3663.0412636000024 1600.0258194010812
2222.8036233705843 3662.8817077491763 219.13787727056604
2367.7201350868236 3663.353637288947 1836.4773906501446
3061.6354150761663 3663.3021581012754 23.121850608419166
3544.678620247647 3663.3016104838393 14665.175369930892
4479.017981228327 3663.401320668554 34.94461748945055
1179.792750154752 3664.319172025024 5.53874442365391
1260.96202812213 3664.3413592552074 233.8015432031726
2068.4339552662013 3664.462406852238 2.2887717959178406
3460.9774599343164 3664.234926501435 1012.5400492925294
3910.014469031136 3664.0232680531863 29.237677461360708
3947.3350644041684 3663.423390845358 2074.0994024711176
4111.993226650017 3663.9857403245933 20.900518492314397
1943.0215247601855 3665.5294514807306 9.436193020884659
2118.3464292611534 3665.316891925322 1.4153200870531382
2202.420689150097 3665.410128636943 35.499250949080896
2327.3773378273045 3664.697910163209 4.725469818627007
4335.443536970888 3665.787591132638 6170.487291862004
4423.115062790789 3664.6170565545694 1669.2754307999187
4445.860482848434 3664.8578936231447 62.47754873832327
869.1281829910087 3666.48701766155 -9.358486643941447
1194.1040899954587 3665.831818935212 652.1335252142486
1477.6668990341407 3666.0978927921183 897.0517153765545
4338.024474392126 3665.9943848164266 6358.935043113278
1128.8012170938155 3665.708642130698 3287.485503584709
2931.8689952414843 3666.93914571869 7.348696817462955
2997.7245476807966 3667.386254830744 59624.59044087496
3356.9270610928993 3666.7999096802514 371.63736024996365
3735.7080200129617 3667.3493251865793 5.727339897784089
679.9668251482063 3668.3079771734933 -3.061369759554438
1660.0389790692082 3668.2324675816535 117.56048124948492
2987.6641889431207 3668.193172866802 5.209160583090471
3091.193402285054 3667.433358958754 8.420314701144733
3575.151439431792 3668.3027143666573 360.1481779776775
4450.829540303525 3667.683953426075 40.990008185392334
226.82476000650718 3669.4883496468956 16.35023002695236
436.7544217350583 3669.413952622328 150.7497332843975
2252.9671580762283 3669.3460459244616 16.135530974767597
3072.8167057061473 3669.1342471116086 13.058658673609393
4172.764511485651 3669.126154583981 216.78679012459972
4343.277991565934 3668.3444428268385 6442.818603535434
4345.6719227166295 3669.252435369871 5739.178498883121
